0 26 26
0 26 26
0 26 26
0 26 26
0 26 26
0 25 25
0 25 25
0 25 25
0 24 24
0 25 25
0 25 25
0 26 26
0 25 25
0 26 26
0 26 26
0 26 26
0 25 25
1 25 25
0 24 24
0 24 24
0 22 22
1 24 24
0 24 24
0 25 25
0 25 25
0 25 25
1 25 25
0 26 26
0 26 26
0 26 26
0 24 24
0 25 25
0 25 25
0 24 24
0 24 24
0 23 23
0 23 23
0 24 24
0 25 25
0 25 25
0 25 25
0 25 25
0 25 25
0 24 24
0 23 23
0 23 23
0 22 22
0 24 24
0 24 24
0 24 24
0 25 25
0 26 26
0 26 26
0 26 26
0 26 26
0 25 25
0 23 23
0 22 22
0 20 20
0 19 19
0 20 20
0 19 19
0 19 19
1 19 19
0 19 19
0 19 19
0 19 19
0 19 19
0 18 18
0 18 18
0 18 18
1 19 19
1 20 20
0 22 22
0 23 23
0 25 25
0 25 25
0 25 25
0 24 24
0 25 25
0 22 22
0 22 22
1 20 20
0 21 21
0 21 21
0 22 22
0 23 23
0 23 23
0 23 23
0 22 22
0 22 22
0 22 22
0 22 22
1 22 22
0 23 23
0 22 22
0 22 22
0 22 22
0 22 22
1 22 22
0 23 23
0 23 23
0 21 21
0 22 22
0 22 22
0 22 22
0 23 23
0 24 24
0 23 23
0 23 23
0 24 24
0 25 25
0 25 25
0 25 25
0 26 26
0 25 25
0 23 23
0 22 22
0 22 22
0 21 21
0 20 20
0 21 21
0 21 21
0 21 21
0 21 21
0 21 21
0 19 19
0 20 20
0 18 18
0 19 19
0 19 19
0 20 20
0 20 20
0 21 21
0 21 21
0 22 22
0 22 22
0 24 24
0 24 24
0 22 22
0 23 23
0 23 23
0 24 24
0 24 24
0 24 24
0 24 24
0 24 24
0 23 23
0 23 23
0 23 23
0 23 23
0 22 22
0 21 21
0 21 21
0 22 22
0 21 21
0 21 21
0 22 22
0 23 23
0 23 23
0 23 23
1 22 22
0 22 22
1 22 22
0 21 21
0 21 21
1 21 21
0 22 22
0 22 22
0 23 23
0 23 23
0 23 23
0 23 23
0 23 23
0 24 24
0 23 23
0 22 22
0 21 21
0 22 22
0 22 22
0 22 22
0 22 22
0 22 22
0 22 22
0 22 22
0 22 22
0 22 22
0 20 20
0 22 22
0 21 21
0 20 20
0 19 19
0 19 19
0 19 19
0 19 19
0 19 19
0 19 19
0 19 19
1 18 18
0 18 18
0 18 18
0 18 18
0 19 19
0 19 19
0 20 20
0 20 20
0 20 20
0 21 21
0 21 21
0 21 21
1 19 19
0 21 21
0 21 21
0 20 20
0 21 21
0 20 20
0 22 22
0 22 22
0 22 22
0 22 22
0 22 22
0 22 22
0 21 21
1 18 18
0 21 21
0 20 20
0 20 20
0 21 21
0 21 21
0 22 22
0 22 22
0 22 22
0 21 21
0 22 22
0 20 20
0 17 17
0 15 15
1 17 17
1 16 16
0 18 18
0 18 18
0 18 18
0 19 19
0 20 20
0 20 20
0 20 20
0 20 20
0 19 19
0 19 19
0 17 17
0 17 17
0 18 18
0 16 16
0 17 17
0 17 17
0 17 17
0 17 17
0 17 17
0 17 17
0 16 16
1 16 16
0 19 19
0 19 19
0 18 18
0 18 18
0 20 20
0 20 20
0 20 20
0 21 21
0 21 21
0 21 21
0 21 21
0 20 20
0 19 19
0 20 20
0 21 21
0 22 22
0 23 23
0 23 23
0 23 23
0 23 23
0 23 23
0 23 23
0 23 23
0 20 20
1 21 21
0 22 22
0 21 21
0 21 21
0 21 21
0 22 22
0 23 23
0 23 23
0 22 22
0 21 21
0 21 21
0 21 21
0 20 20
0 20 20
0 20 20
0 19 19
0 19 19
0 20 20
0 20 20
0 20 20
0 20 20
0 20 20
0 19 19
0 21 21
0 21 21
0 21 21
0 21 21
0 21 21
0 21 21
0 21 21
0 22 22
0 22 22
0 23 23
0 21 21
0 20 20
0 20 20
0 21 21
0 20 20
0 20 20
1 21 20
0 22 21
0 22 21
0 22 21
0 22 21
0 23 22
1 23 22
0 21 20
0 20 19
0 20 19
0 18 17
0 19 18
0 19 18
0 18 17
0 19 18
0 19 18
0 20 19
0 20 19
0 19 18
0 18 17
0 17 16
0 20 19
0 20 19
0 22 21
0 23 22
0 23 22
0 23 22
0 23 22
1 23 22
1 23 22
1 22 21
0 21 20
0 21 20
0 20 19
0 19 18
0 21 20
0 22 21
0 22 21
0 22 21
0 22 21
0 23 22
0 23 22
0 22 21
0 21 21
0 21 21
0 21 21
0 21 21
0 20 20
0 20 20
0 21 21
0 21 21
0 21 21
0 21 21
0 21 21
0 22 22
0 20 20
0 21 21
0 21 21
0 21 21
0 21 21
0 20 20
1 21 21
0 22 22
0 22 22
0 22 22
0 22 22
0 21 21
0 19 18
0 22 21
0 20 19
0 20 19
1 20 19
0 22 21
0 22 21
0 22 21
0 22 21
0 23 22
0 23 22
0 24 23
0 23 22
0 22 21
0 22 20
0 22 20
0 22 20
0 22 20
0 23 21
0 24 22
0 24 22
0 24 22
0 24 22
0 23 21
0 24 22
0 22 20
0 23 21
0 23 21
0 23 21
0 23 21
0 23 21
0 23 21
0 24 21
0 24 21
0 24 21
0 23 20
0 23 20
1 24 21
0 23 20
0 24 21
0 23 20
0 23 20
0 23 20
0 23 20
0 23 20
0 23 20
0 23 20
0 23 20
0 23 20
0 23 21
0 23 21
0 23 21
0 23 21
0 23 21
0 23 21
0 23 21
0 23 21
0 24 22
0 22 20
0 23 21
0 22 20
0 22 20
0 23 21
1 21 19
0 23 21
0 21 19
0 21 18
0 22 19
0 22 19
0 22 19
0 22 19
0 22 19
0 21 18
0 20 18
0 20 18
1 22 20
0 21 19
0 21 19
0 21 19
0 22 20
0 22 20
0 21 19
0 20 18
0 18 16
1 18 16
0 18 16
0 18 16
0 18 16
1 18 16
0 18 16
0 18 16
0 18 16
0 18 16
0 18 16
1 18 16
1 19 17
1 19 17
1 19 17
0 21 19
0 22 20
0 21 19
0 21 19
0 22 20
0 22 20
0 22 20
0 22 20
0 22 20
0 21 19
0 21 19
0 22 20
0 20 18
0 20 18
0 20 18
0 21 19
0 21 19
0 22 20
0 22 20
0 22 20
0 22 20
1 22 20
1 19 17
0 21 19
0 21 19
0 21 19
0 22 20
0 23 21
0 22 20
0 21 19
0 22 20
1 23 21
0 23 21
0 23 21
1 23 21
1 21 19
0 22 20
0 22 20
0 22 20
0 22 20
0 23 21
0 23 21
0 23 21
0 23 21
0 22 21
0 22 21
0 23 22
0 21 20
0 20 20
0 22 22
0 23 23
0 22 22
0 22 22
0 22 22
0 23 23
0 23 23
0 23 23
0 23 23
0 23 23
0 22 22
0 22 22
0 22 22
0 23 23
0 23 23
0 22 22
0 23 22
0 23 22
0 23 22
0 23 22
0 23 22
0 20 20
0 20 20
0 20 20
0 20 20
0 22 21
0 22 21
0 22 21
0 23 22
0 23 22
0 22 21
0 22 21
0 21 20
0 22 21
0 20 19
0 19 18
0 21 20
0 22 21
0 24 23
0 24 23
0 24 23
0 23 23
0 24 24
0 24 24
0 22 22
0 21 21
0 18 18
0 17 17
0 16 16
0 17 17
0 17 17
1 18 18
0 19 19
0 19 19
0 20 20
0 21 21
1 20 20
0 18 18
0 18 18
0 17 17
0 18 18
0 18 18
0 18 18
0 19 19
0 20 20
0 20 20
0 21 21
0 21 21
0 22 22
0 22 22
0 21 21
0 21 21
1 20 20
0 21 21
0 21 21
0 19 19
0 19 19
0 21 21
0 23 23
0 23 23
0 21 21
0 20 20
0 19 19
1 21 21
0 24 24
0 22 22
0 24 24
0 24 24
0 23 23
0 23 23
0 23 23
0 22 22
0 20 20
0 20 20
0 19 19
0 20 20
0 20 20
0 19 19
0 18 18
0 19 19
0 20 20
0 20 20
0 19 19
0 18 18
0 19 19
1 19 19
1 19 19
1 20 20
2 21 21
0 22 22
0 21 21
0 22 22
0 22 22
0 22 22
0 22 22
0 20 20
0 20 20
0 20 20
0 20 20
0 21 21
1 20 20
0 23 23
0 23 23
0 24 24
0 24 24
0 24 24
0 24 24
0 24 24
0 22 22
0 20 20
0 18 18
0 19 19
0 18 18
0 17 17
0 17 17
0 17 17
0 16 16
0 17 17
0 17 17
1 17 17
0 17 17
0 18 18
0 19 19
0 18 18
0 17 17
0 17 17
0 17 17
0 19 19
0 20 20
0 20 20
0 20 20
0 20 20
0 19 19
0 19 19
0 18 18
0 20 20
0 18 18
0 20 20
1 19 19
0 20 20
0 20 20
0 20 20
0 21 21
0 21 21
0 21 21
0 21 21
0 21 21
0 21 21
0 21 21
0 24 23
0 23 22
0 24 23
0 24 23
0 24 23
0 24 23
0 23 22
0 22 21
0 22 21
0 22 21
0 22 21
0 21 20
1 21 20
0 22 21
0 22 21
0 22 21
0 22 21
0 23 22
0 23 22
0 21 20
0 20 19
0 21 20
0 21 20
0 19 18
0 19 18
0 20 19
0 20 19
0 21 20
0 22 21
0 22 21
0 22 21
0 22 21
0 21 20
1 18 18
0 19 19
0 20 20
0 19 19
0 19 19
0 20 19
0 21 20
0 21 20
0 21 20
0 22 20
0 21 19
0 19 17
0 15 13
0 15 13
0 15 13
1 15 13
1 14 12
0 16 14
0 16 14
0 16 14
0 16 14
0 16 14
0 16 14
0 16 14
0 16 14
0 15 13
0 13 11
0 13 11
0 15 13
1 16 14
0 18 16
0 18 16
0 18 16
0 18 16
0 18 16
0 18 16
0 17 16
0 21 20
1 20 19
0 21 20
0 21 20
0 21 20
1 21 20
1 21 20
1 20 19
1 20 19
1 19 18
1 19 18
1 19 18
1 19 18
0 19 18
0 19 18
0 19 18
0 19 18
0 20 19
0 19 18
0 19 18
0 19 18
0 19 17
0 19 18
0 19 18
0 18 17
0 17 16
0 17 16
0 15 14
0 15 14
0 15 14
0 15 14
0 16 15
0 16 15
0 16 15
0 16 15
0 15 14
1 15 14
0 16 15
0 16 15
0 15 14
1 15 14
1 15 14
1 15 14
2 15 14
1 16 15
1 16 15
1 15 14
0 15 14
0 16 15
0 17 16
0 16 15
0 16 15
2 16 15
1 17 16
0 18 17
0 18 17
0 18 17
0 18 17
0 17 16
1 16 15
1 16 15
2 16 15
1 17 16
1 18 17
0 18 17
0 18 17
0 18 17
0 17 16
0 17 16
0 18 17
0 18 17
0 18 17
0 18 17
0 19 18
0 18 17
0 19 18
0 21 20
0 21 20
0 21 20
0 21 20
0 20 19
0 20 19
1 19 18
0 19 18
0 20 19
0 20 19
0 19 18
0 18 17
0 18 17
0 18 17
0 18 17
0 18 17
0 19 18
0 18 17
0 19 18
0 19 18
1 20 19
0 21 20
1 21 20
0 22 21
0 23 22
0 24 23
0 24 23
0 24 23
0 23 22
0 23 22
0 22 21
0 19 18
1 18 17
0 18 17
0 19 18
0 21 20
0 23 22
0 23 22
0 23 22
0 23 22
0 23 22
0 22 21
0 19 18
0 19 18
0 18 17
0 19 18
0 20 19
0 19 18
0 19 18
0 19 18
0 20 19
0 20 19
0 18 17
0 18 17
0 18 17
0 17 16
0 18 17
0 18 17
0 18 17
0 18 17
0 18 17
0 19 18
0 19 18
0 19 18
0 20 19
0 19 18
0 19 18
0 19 18
0 19 18
0 20 19
0 20 19
0 19 18
0 19 18
0 19 18
0 19 18
0 19 18
0 20 19
0 20 19
0 20 19
0 18 17
0 16 15
0 17 16
0 17 16
0 17 16
0 17 16
0 18 17
1 18 17
0 20 19
0 19 18
0 19 18
0 20 19
0 21 20
0 22 21
0 21 20
0 20 19
0 23 22
0 23 22
0 23 22
0 24 23
0 24 23
0 23 22
0 23 22
0 23 22
0 21 20
0 21 20
0 22 21
0 20 19
0 21 20
0 21 20
0 22 21
0 22 21
0 22 21
0 21 20
0 21 20
0 19 18
0 21 20
0 23 22
1 21 20
0 24 22
0 24 22
0 24 22
0 24 22
0 24 22
0 23 21
0 23 21
0 22 20
0 21 19
0 20 18
0 20 18
0 21 19
0 21 19
0 21 19
0 21 19
0 21 19
0 21 19
0 21 19
0 20 18
0 20 18
0 19 17
0 17 15
0 16 14
0 14 13
0 14 13
0 14 13
0 14 13
1 14 13
0 15 14
0 15 14
0 15 14
0 16 15
0 16 15
0 15 14
0 16 15
0 15 14
0 14 13
0 15 14
0 15 14
0 15 14
0 16 15
0 16 15
0 16 15
0 16 15
0 15 14
0 17 16
0 16 15
0 16 15
0 13 12
0 13 12
0 13 12
0 13 12
0 12 11
0 13 12
0 13 12
0 13 12
0 12 11
0 13 12
0 13 12
0 12 11
0 12 11
0 12 11
0 12 11
0 12 11
0 12 11
0 12 11
0 12 11
0 12 11
0 13 12
0 13 12
0 13 12
0 13 12
0 13 12
0 13 12
0 14 13
0 15 14
0 15 14
0 15 14
0 15 14
0 16 14
0 16 14
0 17 15
0 16 14
0 16 14
0 17 15
0 17 15
0 18 16
0 18 16
0 18 16
0 18 16
0 18 16
0 18 16
0 19 17
0 18 16
0 19 17
0 19 17
0 19 17
0 19 17
0 20 18
0 21 18
0 21 18
0 21 18
0 20 17
0 20 17
0 20 17
0 19 16
0 19 16
0 18 15
0 18 15
1 18 15
0 19 16
0 19 16
0 19 16
0 19 16
0 19 16
0 19 16
0 18 15
0 18 15
0 18 15
0 18 15
1 18 15
0 18 15
0 18 15
0 18 15
0 18 15
0 18 15
0 18 15
0 18 15
0 17 14
0 18 15
0 17 14
0 17 14
0 19 16
0 19 16
0 19 16
0 19 16
0 20 17
0 20 17
0 20 17
0 19 16
0 19 16
0 19 16
0 18 15
0 17 14
1 17 14
0 18 15
0 19 15
0 18 14
1 19 15
0 19 15
0 18 14
0 19 15
0 19 15
0 18 15
0 19 16
0 19 16
0 19 16
0 18 15
0 18 15
0 18 15
0 18 15
0 19 16
0 19 16
0 20 17
0 19 17
0 18 16
0 18 16
0 18 16
0 18 16
0 18 16
0 18 16
0 18 16
0 18 16
0 18 16
0 18 16
0 17 15
0 18 16
0 17 15
0 17 15
0 16 14
0 17 16
0 17 16
0 16 14
0 16 14
0 16 14
0 16 14
0 16 14
0 16 14
0 15 13
0 15 13
0 14 12
0 14 12
0 15 13
0 17 15
0 18 16
0 19 17
0 19 17
0 18 16
0 18 16
0 17 15
0 16 14
0 17 15
0 17 15
0 17 15
0 17 15
0 18 16
0 17 16
0 17 16
0 16 15
0 16 15
0 17 16
0 17 16
0 17 16
0 17 16
0 17 16
0 18 17
1 18 17
0 19 18
0 19 18
0 20 19
0 21 20
0 22 21
0 21 20
0 22 21
0 22 21
0 20 20
0 22 22
0 22 22
0 22 22
0 22 22
0 22 22
0 22 22
0 22 22
0 22 22
0 21 21
0 22 22
0 21 21
0 21 21
0 20 20
0 20 20
0 20 20
0 21 21
0 22 22
0 22 22
0 22 22
0 23 23
0 23 23
0 22 22
0 22 22
0 21 21
0 22 22
0 22 22
0 22 22
0 23 23
0 23 23
0 23 23
0 23 23
0 23 23
0 21 21
1 21 21
0 20 20
0 18 18
0 19 19
1 19 19
0 20 20
0 20 20
0 21 21
0 22 22
0 22 22
0 22 22
0 22 22
0 21 21
1 20 20
0 20 20
0 21 21
0 19 19
0 18 18
0 19 19
0 19 19
0 20 20
0 21 20
0 21 20
0 22 21
1 21 20
0 20 19
0 17 16
0 18 17
0 19 18
0 20 19
0 21 20
1 21 20
1 21 20
1 21 20
1 21 20
1 20 19
1 20 19
0 21 20
0 18 17
0 18 17
1 20 19
0 20 19
0 21 20
0 22 21
0 23 22
0 24 23
0 23 22
0 24 23
0 23 22
0 22 21
0 21 20
0 21 20
0 20 19
0 21 20
0 21 20
0 22 21
0 23 22
0 24 23
0 24 23
0 24 23
0 23 21
0 23 21
0 22 20
0 24 22
0 23 21
0 23 21
0 23 21
0 23 21
0 23 21
0 23 21
0 23 21
0 23 21
0 23 21
0 23 21
0 23 21
0 23 21
0 23 21
0 23 21
1 23 21
0 23 21
0 23 21
1 23 21
1 23 21
1 23 21
1 22 20
1 23 21
0 22 20
0 22 20
0 22 20
0 24 21
0 24 21
0 24 21
0 24 21
1 24 21
1 24 21
1 24 21
1 22 19
1 22 19
1 22 19
1 23 20
0 21 20
0 23 22
0 24 23
0 23 22
1 24 23
1 24 23
1 24 23
1 24 23
1 24 23
2 24 23
1 18 17
1 20 19
0 20 19
0 22 21
0 22 21
0 22 21
0 22 21
0 22 21
0 22 21
0 23 22
0 23 22
0 21 20
0 20 19
0 19 18
0 19 18
0 19 18
0 19 18
0 19 18
0 19 18
0 19 18
0 19 18
0 19 18
0 18 17
0 17 16
0 17 16
0 18 17
0 18 17
0 18 17
0 19 18
0 20 19
1 20 19
0 21 20
0 22 21
1 22 21
1 22 21
1 21 20
3 20 19
0 23 22
0 23 22
1 22 21
1 22 21
0 23 22
0 23 22
0 23 22
0 23 22
0 21 20
1 22 21
0 21 20
0 22 21
0 21 20
0 21 20
0 20 19
0 22 21
0 22 21
0 22 21
0 22 21
0 22 21
0 22 21
0 21 20
0 20 19
0 20 19
0 20 19
0 19 18
0 19 18
0 19 18
0 19 18
0 19 18
0 19 18
0 19 18
0 19 18
0 18 17
0 19 18
0 18 17
0 20 19
0 18 17
0 18 17
0 17 16
0 18 17
0 18 17
0 18 17
0 18 17
0 18 17
0 18 17
0 16 15
0 14 13
0 14 13
0 14 13
0 14 13
0 15 14
0 15 14
0 15 14
0 15 14
0 15 14
0 15 14
0 16 15
0 16 15
0 16 15
0 16 15
0 16 15
0 17 16
0 18 17
0 19 18
0 21 20
0 21 20
0 22 21
0 22 21
0 20 19
0 20 19
1 18 17
0 20 19
0 19 18
0 21 20
0 22 21
0 22 21
0 22 21
0 22 21
0 22 21
0 22 21
0 20 19
0 18 17
0 17 16
0 18 17
0 18 17
1 19 18
0 19 18
0 19 18
0 20 19
0 22 21
0 22 21
0 20 19
0 19 18
0 18 17
0 20 19
0 20 19
0 20 19
0 20 19
0 20 19
0 21 20
0 21 20
0 21 20
0 21 20
0 22 21
0 21 20
0 21 20
0 18 18
0 18 18
0 19 19
0 19 19
0 18 18
0 18 18
0 18 18
0 20 20
0 20 20
0 20 20
0 20 20
0 18 18
0 17 17
0 16 16
0 16 16
0 17 17
0 20 20
0 21 21
0 21 21
0 21 21
0 20 20
0 20 20
0 20 19
0 18 17
1 17 16
0 17 16
0 15 15
0 14 14
0 16 16
0 18 18
0 18 18
0 19 19
0 19 19
0 19 19
0 19 19
0 18 18
0 15 15
0 15 15
0 14 14
0 15 15
0 16 16
0 16 16
0 16 16
0 17 17
0 18 18
0 18 18
0 18 18
0 18 18
0 17 17
0 18 18
0 17 17
0 19 19
0 20 20
0 20 20
0 20 20
0 20 20
0 20 20
0 20 20
0 17 17
0 17 17
0 18 18
0 16 16
0 16 16
0 17 17
0 18 18
0 18 18
0 19 19
0 19 19
0 19 19
0 19 19
0 19 19
0 19 19
0 19 19
0 19 19
0 18 18
0 19 19
0 20 19
0 21 20
0 21 20
0 21 20
0 21 20
0 21 20
0 21 20
0 21 20
0 20 19
0 21 20
0 21 20
0 21 20
0 22 21
0 22 21
0 22 21
0 23 22
0 23 22
0 24 23
1 21 20
0 21 20
0 19 18
0 20 19
0 19 18
0 19 18
0 20 19
0 21 20
0 21 20
0 22 21
0 23 22
0 23 22
0 20 19
0 18 18
0 18 18
0 16 16
0 15 15
0 16 16
0 17 17
0 19 19
0 19 19
0 19 19
0 19 19
0 18 18
0 18 18
0 17 17
0 14 14
0 12 12
0 11 11
0 11 11
0 11 11
0 12 12
0 14 14
0 14 14
0 14 14
0 14 13
0 14 13
0 15 14
0 15 14
0 13 12
0 13 12
0 13 12
0 14 13
1 15 14
0 16 15
0 17 16
0 18 17
0 16 15
0 16 15
0 16 15
0 16 15
0 17 16
0 17 16
0 17 16
0 17 16
0 17 16
0 18 17
0 18 17
0 18 17
0 18 17
0 18 17
0 18 18
0 17 17
0 18 18
0 19 19
0 19 19
0 19 19
0 20 20
0 20 20
0 21 21
0 21 21
0 21 21
0 19 19
0 19 19
0 20 20
0 19 19
0 21 21
0 20 20
0 20 20
0 20 20
0 20 20
0 19 19
0 18 18
0 19 19
0 16 16
0 17 17
0 18 18
0 17 17
0 18 18
0 18 18
0 18 17
0 19 18
0 19 18
0 18 17
0 18 17
0 19 18
0 19 18
0 17 16
0 17 16
0 14 13
0 14 13
0 14 13
0 14 13
0 15 14
0 15 14
0 15 14
0 15 14
0 16 15
0 16 15
0 15 14
2 14 13
0 13 12
0 13 12
0 15 14
0 13 12
0 14 13
0 14 13
0 14 13
0 14 13
0 14 13
0 14 13
0 14 13
0 13 13
0 13 13
0 15 15
0 15 15
0 15 15
0 17 17
0 17 17
0 17 17
0 16 16
0 14 14
0 14 14
0 14 14
0 14 14
0 14 14
0 15 15
0 16 16
0 17 17
0 17 17
0 19 19
0 19 19
0 19 19
0 19 19
0 19 19
0 19 19
0 18 18
0 20 20
0 20 20
0 20 20
0 19 19
0 20 20
0 20 20
0 20 20
0 20 20
0 20 20
0 18 18
0 18 18
0 16 16
0 16 16
0 15 15
0 15 15
0 16 16
0 17 17
0 18 18
0 18 18
0 18 18
0 17 17
0 17 17
0 17 17
0 15 15
0 15 15
0 15 15
0 17 17
1 17 17
0 18 18
0 18 18
0 18 18
0 18 18
0 19 19
0 18 18
0 17 17
0 16 16
0 17 16
0 19 18
0 19 18
0 19 18
1 19 18
1 19 18
1 20 19
1 20 19
1 20 19
1 21 20
0 20 19
0 19 18
0 18 17
1 18 17
0 18 17
0 19 18
0 19 18
0 19 18
0 19 18
1 19 18
0 20 19
0 20 19
1 17 16
0 16 15
0 16 15
2 14 13
0 14 13
0 14 13
1 16 15
1 18 17
0 20 19
0 21 20
0 18 17
0 19 18
0 19 18
1 19 18
0 20 19
0 18 17
0 18 17
0 17 17
0 17 17
0 19 19
0 19 19
0 19 19
0 19 19
0 17 17
0 17 17
0 16 16
0 14 14
0 15 14
0 14 13
1 14 13
0 16 15
0 16 15
0 17 16
0 17 16
0 17 16
0 18 17
0 16 15
0 15 14
0 16 15
0 17 16
0 18 17
0 18 17
0 18 17
0 18 17
0 18 17
0 18 17
0 17 16
0 18 17
1 18 17
1 18 17
1 14 13
0 17 16
0 17 16
0 17 16
0 20 19
0 20 19
0 20 19
0 20 19
0 20 19
0 21 20
0 22 21
0 19 18
0 18 17
0 17 16
0 18 17
0 18 17
0 18 17
0 18 17
0 18 17
0 18 17
0 18 17
0 17 16
0 16 16
0 16 16
0 15 15
0 17 17
0 16 16
0 15 15
0 15 15
0 15 15
0 17 17
0 17 17
0 18 18
0 18 18
0 18 18
0 17 17
0 18 18
0 19 19
0 19 19
1 20 20
0 23 23
0 24 24
0 24 24
0 24 24
0 23 23
0 22 22
0 19 19
0 20 20
0 19 19
0 20 20
1 20 20
0 21 21
0 21 21
0 21 21
0 21 21
0 21 21
0 19 19
0 19 19
0 19 19
0 17 17
0 18 18
0 18 18
0 17 17
0 17 17
0 17 17
0 18 18
0 19 19
0 20 20
0 19 19
0 19 19
0 20 20
0 21 21
0 21 21
0 21 21
0 20 20
0 21 21
0 22 22
0 22 22
0 22 22
0 22 22
0 22 22
0 20 20
0 22 22
0 19 19
0 20 20
0 20 20
0 21 21
0 20 20
0 21 21
0 21 21
0 21 21
0 22 22
0 22 22
0 22 22
0 22 22
0 20 20
0 20 20
0 19 19
0 21 21
0 22 22
0 22 22
0 22 22
0 20 20
0 20 20
0 21 21
0 21 21
0 21 21
0 21 21
0 19 19
0 18 18
0 19 19
0 19 19
0 19 19
0 20 20
0 20 20
0 18 18
0 18 18
0 18 18
0 18 18
0 20 20
0 21 21
0 21 21
0 21 21
0 21 21
0 21 21
0 22 22
0 22 22
0 22 22
0 20 20
0 20 20
0 19 19
0 19 19
0 20 20
0 20 20
1 21 21
0 21 21
0 22 22
0 21 21
0 21 21
0 21 21
0 21 21
0 19 19
0 20 20
0 20 20
0 20 20
0 20 20
0 19 19
0 19 19
0 19 19
0 19 19
0 18 18
0 18 18
0 18 18
0 20 20
0 18 18
0 19 19
0 18 18
0 19 19
0 18 18
0 19 19
0 20 20
0 20 20
0 22 22
0 22 22
0 22 22
0 20 20
0 22 22
0 21 21
0 23 23
0 23 23
0 24 24
0 24 24
0 23 23
0 24 24
0 24 24
0 24 24
0 23 23
0 23 23
0 22 22
0 22 22
0 22 22
0 22 22
0 21 21
0 22 22
0 22 22
0 22 22
0 23 23
0 23 23
0 23 23
0 22 22
0 20 20
0 20 20
0 17 17
0 18 18
0 17 17
0 18 18
0 19 19
0 19 18
0 19 18
0 19 18
0 19 18
0 20 19
0 18 18
0 20 20
0 21 21
0 21 21
0 23 23
0 23 23
0 24 24
0 24 24
0 24 24
0 24 24
0 24 24
0 23 23
0 23 23
1 23 23
0 22 22
0 23 23
0 21 21
0 21 21
0 22 22
0 22 22
0 22 22
0 22 22
0 23 23
0 23 23
0 21 21
0 22 22
0 23 23
0 22 22
0 21 21
0 21 21
0 22 22
0 22 22
0 23 23
0 22 22
0 23 23
0 23 23
0 23 23
0 23 23
0 24 24
0 23 23
0 22 22
0 22 22
0 23 23
0 23 23
0 23 23
0 24 24
0 24 24
0 24 24
0 23 23
0 24 24
0 22 22
0 23 23
0 23 23
0 23 23
0 23 23
0 24 24
1 23 23
1 24 24
1 23 23
1 23 23
1 22 22
1 22 22
0 21 21
0 22 22
0 22 22
0 23 23
0 23 23
0 23 23
0 23 23
0 23 23
0 23 23
1 23 23
1 23 23
0 23 23
0 22 22
0 21 21
0 21 21
0 21 21
1 21 21
0 22 22
0 22 22
0 22 22
0 22 22
0 22 22
0 22 22
0 22 22
0 22 22
0 22 22
0 18 18
0 18 18
0 19 19
0 20 20
0 21 21
0 21 21
0 21 21
0 21 21
0 19 19
0 19 19
0 18 18
0 18 18
0 17 17
0 16 16
0 17 17
0 17 17
0 17 17
0 17 17
0 17 17
0 17 17
0 18 18
0 20 20
0 19 19
0 19 19
0 18 18
0 18 18
0 19 19
0 20 19
0 21 20
0 21 20
0 22 21
0 20 19
0 20 19
0 20 19
0 19 18
0 18 17
0 17 16
0 17 16
0 17 16
0 17 16
0 17 16
0 17 16
0 17 16
0 17 16
0 17 16
1 15 14
0 14 13
1 13 12
0 15 14
0 15 14
0 15 14
0 16 15
0 16 15
0 16 15
0 17 16
0 18 17
0 16 15
0 17 16
0 16 15
0 16 15
0 17 16
0 17 16
0 17 16
0 17 16
0 18 17
0 18 17
0 19 18
0 19 18
0 19 18
0 20 19
0 18 17
0 19 18
0 19 18
0 20 19
0 20 19
0 20 19
0 20 19
0 20 19
0 19 18
0 19 18
0 20 19
0 19 18
1 19 18
0 20 19
0 19 18
0 19 18
0 19 18
0 20 19
0 21 20
0 22 21
0 21 20
0 21 20
0 19 18
0 20 19
1 22 21
0 24 23
0 23 23
0 23 23
0 23 23
0 23 23
0 24 24
0 24 24
0 24 24
0 24 24
0 22 22
0 21 21
0 22 22
0 22 22
0 21 21
0 21 21
0 22 22
0 22 22
0 21 21
0 22 22
0 22 22
0 22 22
0 23 23
0 22 22
0 20 20
0 21 21
0 20 20
0 20 20
0 20 20
0 21 21
0 21 21
0 21 21
0 20 20
0 19 19
0 20 20
0 19 19
0 19 19
0 19 19
0 20 20
0 20 20
0 20 20
0 21 21
0 21 21
0 21 21
0 20 20
0 19 19
0 20 20
0 20 20
0 19 19
0 19 19
0 19 19
0 19 19
0 19 19
0 20 20
0 20 20
0 20 20
0 19 19
0 19 19
0 18 18
0 16 16
0 16 16
0 16 16
0 15 15
0 16 16
0 17 17
0 16 16
0 16 16
0 17 17
0 17 17
0 16 16
0 16 16
1 16 16
0 17 17
0 17 17
0 16 16
0 16 16
0 17 17
0 18 18
0 19 19
0 20 20
0 19 19
0 19 19
0 20 20
1 19 19
0 20 20
0 19 19
0 21 21
0 21 21
0 21 21
0 22 22
0 21 21
0 22 22
0 22 22
1 23 23
1 22 22
1 21 21
0 23 23
0 21 21
0 19 19
0 19 19
0 19 19
0 19 19
0 19 19
0 19 19
0 19 19
0 20 20
0 20 20
0 18 18
0 17 17
1 17 17
0 18 18
0 19 19
0 19 19
0 20 20
0 20 20
0 21 21
0 22 22
0 23 23
0 21 21
0 20 20
0 20 20
0 21 21
0 21 21
0 21 21
0 20 20
0 20 20
0 21 21
0 22 22
0 22 22
0 22 22
0 21 21
0 21 21
0 21 21
0 22 22
0 22 22
0 21 21
0 22 22
0 22 22
0 23 23
0 23 23
0 22 22
0 22 22
0 21 21
0 21 21
0 21 21
0 20 20
0 20 20
0 20 20
1 20 20
1 20 20
1 20 20
0 21 21
0 21 21
0 21 21
0 21 21
0 20 20
0 19 19
0 20 20
0 19 19
1 20 20
0 22 22
0 22 22
0 22 22
1 22 22
0 22 22
0 21 21
1 22 22
1 21 21
0 22 22
0 21 21
0 21 21
0 21 21
0 21 21
0 21 21
0 20 20
0 20 20
0 20 20
0 21 21
0 21 21
0 22 22
0 22 22
0 21 21
0 20 20
0 20 20
0 21 21
0 23 23
0 23 23
0 23 23
0 23 23
0 23 23
0 21 21
0 21 21
0 21 21
0 21 21
0 21 21
0 21 21
0 20 20
0 22 22
0 22 22
0 22 22
0 21 21
0 21 21
0 20 20
0 19 19
0 18 18
0 19 18
0 19 18
0 19 18
0 19 18
0 19 18
0 19 18
0 19 18
0 20 19
0 20 19
0 19 18
0 15 14
1 15 14
1 16 15
0 16 15
0 16 15
0 16 15
1 16 15
0 17 16
0 17 16
0 15 14
0 14 13
0 12 12
0 12 12
0 13 13
0 13 13
0 14 14
0 14 14
0 16 16
0 16 16
0 15 15
0 15 15
0 15 15
0 15 15
0 15 15
0 16 16
0 16 16
0 16 16
0 15 15
0 15 15
0 16 16
0 16 16
0 17 17
0 17 17
0 16 16
0 16 16
0 16 16
0 18 18
0 19 19
0 19 19
0 18 18
0 18 18
0 18 18
0 18 18
0 19 19
0 21 21
0 22 21
0 22 21
0 19 18
0 18 17
0 18 17
0 18 17
1 18 17
0 19 18
0 18 17
0 18 17
0 19 18
0 19 18
0 19 18
0 18 17
0 17 16
0 15 14
0 15 14
0 14 13
0 15 14
0 15 14
0 15 14
0 16 15
0 16 15
0 16 15
0 16 15
0 16 15
0 14 14
0 14 14
0 15 15
0 15 15
0 16 16
0 15 15
0 15 15
0 16 16
0 16 16
0 16 16
0 16 16
0 16 16
0 17 17
0 16 16
0 16 16
0 15 15
0 15 15
0 15 15
1 15 15
0 16 16
0 17 17
0 17 17
0 17 17
0 17 17
0 17 17
1 14 14
0 13 13
0 12 12
0 12 12
0 14 14
0 15 15
0 15 15
0 16 16
0 17 17
0 17 17
0 18 18
0 19 19
1 17 17
0 19 19
0 21 21
0 22 22
0 23 23
0 22 22
0 24 24
0 24 24
0 24 24
0 24 24
0 23 23
0 22 22
0 22 22
0 21 21
0 22 22
0 20 20
0 20 20
0 20 20
0 20 20
0 20 20
0 20 20
0 20 20
0 20 20
0 20 20
0 20 20
0 18 18
0 19 19
0 21 21
0 21 21
0 22 22
0 22 22
0 22 22
0 23 23
0 23 22
0 22 21
0 23 22
0 21 20
0 22 21
0 22 21
0 23 22
0 22 21
0 22 21
0 22 21
0 22 21
0 22 21
0 22 21
0 22 21
0 22 22
0 21 21
0 22 22
0 21 21
0 21 21
0 22 22
0 22 22
0 21 21
0 22 22
0 22 22
0 22 22
0 21 21
0 20 20
0 16 16
0 15 15
0 15 15
0 17 17
0 19 19
0 20 20
0 20 20
0 21 21
0 21 21
0 21 21
0 21 21
0 19 19
0 16 16
0 15 15
0 15 15
0 15 15
0 16 16
0 16 16
0 16 16
0 16 16
0 16 16
0 16 16
0 17 17
0 16 16
0 17 17
0 17 17
1 17 17
0 17 17
0 19 19
0 21 20
0 22 21
1 22 21
0 23 22
0 23 22
0 20 19
0 20 19
0 19 18
0 21 20
0 21 20
0 21 20
0 21 20
0 21 20
0 21 20
0 21 20
0 22 21
0 20 19
0 20 19
0 17 16
0 19 18
0 17 17
0 17 17
0 17 17
0 17 17
0 17 17
0 17 17
0 17 17
0 17 17
0 16 16
0 15 15
0 16 16
0 18 18
0 15 15
0 15 15
0 16 16
0 16 16
1 16 16
0 16 16
0 17 17
0 17 17
0 17 17
0 17 17
0 17 17
0 18 18
0 16 16
0 16 16
0 17 17
0 17 17
0 17 17
0 19 19
0 20 20
0 19 19
0 18 18
0 18 18
0 19 19
0 17 17
0 17 17
0 17 17
1 17 17
0 17 17
0 17 17
0 17 17
0 17 17
0 18 18
0 18 18
0 17 17
0 16 16
0 15 15
0 15 15
0 17 17
0 17 17
0 17 17
0 18 18
0 18 18
0 18 18
0 18 18
0 18 18
0 18 18
0 19 19
0 18 18
0 20 20
0 18 18
0 19 19
0 20 20
0 20 20
0 21 21
0 21 21
0 21 21
0 20 20
0 20 20
0 19 19
0 19 19
0 22 22
0 20 20
0 20 20
0 21 21
0 21 21
0 21 21
0 21 21
0 21 21
0 21 21
0 22 22
0 19 19
1 20 20
0 20 20
0 21 21
0 21 21
0 22 22
0 23 23
0 23 23
0 23 23
0 23 23
0 23 23
0 21 21
0 21 21
0 21 21
1 21 21
1 20 20
0 21 21
0 20 20
0 22 22
0 22 22
0 22 22
0 22 22
0 22 22
0 22 22
0 21 21
0 20 20
0 22 22
0 22 22
0 23 23
0 22 22
0 23 23
0 23 23
0 24 24
0 24 24
0 24 24
0 24 24
0 21 21
0 22 22
0 21 21
0 21 21
0 20 20
0 20 20
0 20 20
0 20 20
0 20 20
0 20 20
0 20 20
0 20 20
0 20 20
0 19 19
0 17 17
0 15 15
0 17 17
0 18 18
0 18 18
0 18 18
0 18 18
0 18 18
0 19 19
0 18 18
0 16 16
0 16 16
0 16 16
0 18 18
0 18 18
0 18 18
0 19 19
0 19 19
0 19 19
0 19 19
0 20 20
0 19 19
0 19 19
0 18 18
0 17 17
0 17 17
0 16 15
0 16 15
0 17 16
0 17 16
0 17 16
0 17 16
0 16 15
0 17 16
0 18 17
1 18 17
0 19 18
0 19 18
0 20 19
0 21 20
0 21 20
0 22 21
0 21 20
0 21 20
0 20 19
0 20 19
0 21 20
0 20 19
0 18 17
0 18 17
0 18 17
0 19 18
0 20 19
0 20 19
0 20 19
0 20 19
0 21 20
0 20 19
0 19 18
0 19 18
0 17 16
1 17 16
0 19 18
0 20 19
0 20 19
0 20 19
0 20 19
0 20 19
1 20 19
0 21 20
1 20 19
0 20 19
0 20 19
0 20 19
0 20 19
0 21 20
0 21 20
0 21 20
0 21 20
0 21 20
0 21 20
0 21 20
0 21 20
0 20 19
0 21 20
1 20 19
0 19 18
0 20 19
0 21 20
0 21 20
0 21 20
0 22 21
0 22 21
0 23 22
0 23 22
0 24 23
0 24 23
0 23 22
0 22 21
0 22 21
0 22 21
0 22 21
0 22 21
0 23 22
0 23 22
0 23 22
0 22 21
0 24 23
0 22 21
0 21 20
0 21 20
0 21 20
0 22 21
0 23 22
0 23 22
0 24 23
0 24 23
0 23 22
0 22 21
0 22 21
0 24 23
0 23 22
0 23 22
0 23 22
0 23 22
0 23 22
0 23 22
0 23 22
0 21 20
0 22 21
0 23 22
0 21 20
1 22 21
1 22 21
0 22 21
0 23 22
0 23 21
0 23 21
0 23 21
0 23 21
0 23 21
0 23 21
1 23 21
1 23 21
1 20 18
0 19 17
0 16 14
0 16 14
0 16 14
0 17 15
0 17 15
0 17 15
0 17 15
0 16 14
0 16 14
0 16 14
1 15 13
0 16 14
0 16 14
0 17 15
0 17 15
0 17 15
0 17 15
0 17 15
0 17 15
0 17 15
0 17 15
0 16 14
0 16 14
0 17 15
0 17 15
0 18 16
0 19 17
0 20 18
0 20 18
0 20 18
0 21 19
0 20 18
0 20 18
0 21 19
0 20 18
1 20 18
1 22 20
0 22 20
0 23 21
0 24 22
0 24 22
0 24 22
0 24 22
0 23 21
0 23 21
0 24 22
1 22 20
0 21 19
0 20 18
0 21 19
0 22 20
0 21 19
0 21 19
0 21 19
0 20 18
0 20 18
0 16 15
0 16 15
0 16 15
0 17 16
0 16 15
1 16 15
0 17 16
0 17 16
0 17 16
2 17 16
0 19 18
0 18 17
0 17 16
1 18 17
0 19 18
0 19 18
0 17 16
0 17 16
0 17 16
0 18 17
0 18 17
0 18 17
0 19 18
0 19 18
0 19 18
0 19 18
0 19 19
0 16 16
0 16 16
0 15 15
0 15 15
0 15 15
0 15 15
0 15 15
0 15 15
0 14 14
0 12 12
0 12 12
0 13 13
0 14 14
0 14 14
0 16 16
0 15 15
0 15 15
0 15 15
0 15 15
1 15 15
0 15 15
0 14 14
0 13 13
0 14 14
0 13 13
1 14 14
0 15 15
0 15 15
0 16 16
0 16 16
0 15 15
0 15 15
0 16 16
0 17 17
0 14 14
0 12 12
0 12 12
0 13 13
0 15 15
0 16 15
0 16 15
0 16 15
0 16 15
0 16 15
0 14 13
0 16 15
0 17 17
0 18 18
0 18 18
0 19 19
0 19 19
0 19 19
0 19 19
0 19 19
0 19 19
0 19 19
0 18 18
0 17 17
1 19 19
0 18 18
0 19 19
0 17 17
0 18 18
0 18 18
0 18 18
0 18 18
0 18 18
0 18 18
0 18 18
0 16 16
0 16 16
0 17 17
0 18 18
0 18 18
0 18 18
1 18 18
0 18 18
0 18 18
0 18 18
0 18 18
1 19 19
0 20 20
0 20 20
0 22 22
0 22 22
0 21 21
1 22 22
0 24 24
0 24 24
0 24 24
0 24 24
0 24 24
0 24 24
1 22 22
0 23 23
0 23 23
0 22 22
0 23 23
0 23 23
0 22 22
0 22 22
0 22 22
0 23 23
0 22 22
0 21 21
0 21 21
0 21 21
0 19 19
0 18 18
0 17 17
0 17 17
0 17 17
0 17 17
0 18 18
0 18 18
0 19 19
0 19 19
0 18 18
0 19 19
0 18 18
1 18 18
0 19 19
0 20 19
0 20 19
0 20 19
0 20 19
0 21 20
0 21 20
0 19 18
0 21 20
0 20 19
0 19 18
0 18 17
0 18 17
0 19 17
0 20 18
0 21 19
0 21 19
0 21 19
0 18 16
0 19 17
0 19 17
0 20 18
0 21 19
0 21 19
0 22 20
0 22 20
0 23 20
0 23 20
0 24 21
0 24 21
0 24 21
0 24 21
0 23 20
1 22 19
0 22 20
0 22 20
0 22 20
0 22 20
0 23 21
0 23 21
0 23 21
0 23 21
1 23 21
0 23 21
0 21 19
0 21 19
0 19 17
0 19 17
0 19 17
0 20 18
0 20 18
0 21 19
0 21 19
0 22 20
0 22 20
0 22 20
0 21 19
0 21 19
0 19 17
0 21 19
0 20 18
0 21 19
0 21 20
0 21 20
0 22 21
0 24 23
0 24 23
0 23 22
0 22 21
0 20 19
0 19 18
0 21 20
0 20 19
0 21 20
0 21 20
0 21 20
0 21 20
0 21 20
0 22 21
0 22 21
0 21 21
0 22 22
0 19 19
0 22 22
0 21 21
0 21 21
0 21 21
0 21 21
0 21 21
0 21 21
0 21 21
1 21 21
0 21 21
0 21 21
0 21 21
0 20 20
0 20 19
0 20 19
0 20 19
0 19 18
0 19 18
0 19 18
0 19 18
0 19 18
0 19 18
0 18 17
1 19 18
1 19 18
0 19 18
0 19 18
0 19 18
0 20 19
1 19 18
1 18 17
1 18 17
1 18 17
1 19 18
1 19 18
0 19 18
0 17 16
0 19 18
1 19 18
0 20 19
0 20 19
0 21 20
0 21 20
0 21 20
0 21 20
0 21 20
0 20 19
0 19 18
0 21 20
0 22 21
0 20 19
0 20 19
1 20 19
0 22 20
0 22 20
0 21 19
0 21 19
0 22 20
1 21 19
0 21 19
0 19 17
0 19 17
0 19 17
1 20 18
0 21 19
0 22 19
0 22 19
0 20 18
0 21 19
0 20 18
0 20 18
0 20 18
0 20 18
0 21 19
0 21 19
0 21 19
0 21 19
0 21 19
0 21 19
0 20 18
0 20 18
0 19 18
0 21 20
0 20 19
0 19 18
0 20 19
0 20 19
0 20 19
0 20 19
0 20 19
0 20 19
0 20 19
0 19 18
0 19 18
0 17 16
1 18 17
0 17 16
0 17 16
0 17 16
0 17 16
0 17 16
0 17 16
0 17 16
0 18 17
0 17 16
0 17 16
0 19 18
0 19 18
0 19 18
0 19 18
0 21 20
0 22 21
0 22 21
0 22 21
0 22 21
0 22 21
0 20 19
0 22 21
0 21 20
0 19 18
0 21 20
0 21 20
0 21 20
0 21 20
0 21 20
1 21 20
1 21 20
1 21 20
1 20 19
1 20 19
1 20 19
0 18 17
0 21 20
0 20 19
0 19 18
0 19 18
0 19 18
0 19 18
0 20 19
0 18 17
0 18 17
0 15 14
0 15 14
0 14 13
0 14 13
0 12 11
1 12 11
0 13 12
0 13 12
0 13 12
0 13 12
0 13 12
0 13 12
0 12 11
1 13 12
0 13 12
0 13 12
0 14 13
0 14 13
0 14 13
0 15 14
0 16 15
0 17 16
0 18 17
0 19 18
0 18 17
0 20 19
0 20 19
1 20 19
1 20 19
0 21 20
0 21 20
0 21 20
0 21 20
0 21 20
0 21 20
0 22 21
0 21 20
0 22 21
0 21 20
0 21 20
0 21 20
0 22 21
0 22 21
0 21 20
0 21 20
0 21 20
0 22 21
0 21 21
0 21 21
0 21 21
0 20 20
0 20 20
0 22 22
0 22 22
1 22 22
1 22 22
1 22 22
1 22 22
1 22 22
1 20 20
1 21 21
1 20 20
0 19 19
1 21 20
0 20 19
0 19 19
0 19 19
0 20 20
0 20 20
0 21 21
0 22 22
0 22 22
1 20 20
0 22 22
0 21 21
0 21 21
0 20 20
0 21 21
0 21 21
1 21 21
1 21 21
1 22 22
1 22 22
1 21 21
1 19 19
1 20 20
0 18 18
1 18 18
0 18 18
0 19 19
0 20 20
0 20 20
0 20 20
0 20 20
0 20 20
0 19 19
0 19 19
0 19 19
0 19 19
0 18 18
0 16 16
0 16 16
0 17 17
0 18 18
0 18 18
0 19 19
0 20 20
0 20 20
0 20 20
0 20 20
0 18 18
0 20 20
0 19 19
0 20 20
0 21 21
0 21 21
0 21 21
0 21 21
0 19 19
0 19 19
0 20 20
0 21 21
0 21 21
0 20 20
0 20 20
0 21 21
0 21 21
0 21 21
0 21 21
0 21 21
0 22 22
0 21 21
0 21 21
0 20 20
0 22 22
0 20 20
0 20 20
0 20 20
0 20 20
0 20 20
0 20 20
0 22 22
0 20 20
0 20 20
0 21 21
0 20 20
0 20 20
0 19 19
0 17 17
0 17 17
0 17 17
0 17 17
0 17 17
0 18 18
0 18 18
0 17 17
0 15 15
0 17 17
0 18 18
0 18 18
0 18 18
0 18 18
0 20 20
0 20 20
0 20 20
0 21 21
0 21 21
0 19 19
0 19 19
0 18 18
0 17 17
0 18 18
0 18 18
0 18 18
0 18 18
0 18 18
0 18 18
0 18 18
0 18 18
0 17 17
0 17 17
0 16 16
0 15 15
0 15 15
0 12 12
0 13 13
0 13 13
0 13 13
0 14 14
0 15 14
0 15 14
0 14 13
0 16 15
0 14 13
0 16 15
0 16 15
0 15 14
0 16 15
0 16 15
0 16 15
0 16 15
0 16 15
0 16 15
0 15 14
0 16 15
0 17 16
0 17 16
0 18 16
0 19 17
0 19 17
0 19 17
0 20 18
0 20 18
0 20 18
0 19 17
0 18 16
0 14 13
0 14 13
0 16 15
0 17 16
0 18 17
0 18 17
0 18 17
0 18 17
0 18 17
0 18 17
0 18 17
0 17 16
0 16 15
0 15 14
0 14 13
1 15 14
0 17 16
0 17 16
0 18 17
0 18 17
0 18 17
0 17 16
0 17 16
0 17 16
1 16 15
0 17 16
0 17 16
0 17 16
0 17 16
0 16 15
0 17 16
0 18 17
0 18 17
0 18 17
0 18 17
0 19 18
0 18 17
0 18 17
0 17 16
0 18 16
0 19 17
0 19 17
0 19 17
0 19 17
0 20 18
0 20 18
0 20 18
0 20 18
0 21 19
0 18 16
0 19 17
0 18 16
0 19 17
0 19 17
0 19 17
0 19 17
0 20 18
0 20 18
0 20 18
1 20 18
0 19 17
0 20 19
0 20 19
0 20 19
0 19 18
1 18 17
0 18 17
0 18 17
0 18 17
0 18 17
0 19 18
0 19 18
0 18 17
0 18 17
1 19 18
0 19 18
0 18 17
0 19 18
0 20 19
0 22 21
0 22 21
0 22 21
0 20 19
0 21 20
0 18 17
0 18 17
0 18 17
0 19 18
0 19 18
1 19 18
0 20 19
0 20 19
0 19 18
0 19 18
0 19 18
1 20 19
0 19 18
0 19 18
0 17 16
0 17 16
0 18 17
0 18 17
0 18 17
0 18 17
0 19 18
0 19 18
0 20 19
0 21 20
0 18 17
0 19 18
0 19 18
0 19 18
0 19 18
0 19 18
0 19 18
0 19 18
0 20 18
0 21 19
0 20 18
0 20 18
0 20 18
0 20 18
0 21 19
0 22 20
0 20 19
0 20 19
0 22 20
0 23 21
0 23 21
0 23 21
0 23 21
0 24 22
0 21 20
0 20 19
0 22 21
0 23 22
0 24 23
0 24 23
0 24 23
0 24 23
0 24 23
0 24 23
1 24 23
1 23 22
1 23 22
1 24 23
1 24 23
1 21 20
0 24 23
0 23 22
0 23 22
0 23 22
1 24 22
1 24 22
1 24 22
1 23 21
2 23 21
1 24 22
1 23 21
0 22 20
0 22 20
0 23 21
0 23 21
0 23 21
0 23 21
0 23 21
0 22 20
0 22 20
0 23 21
0 22 20
1 19 17
1 20 18
1 20 18
0 19 17
0 21 19
0 21 19
0 22 20
0 22 20
0 22 20
0 22 20
0 22 20
0 22 20
0 23 21
0 22 21
0 21 20
0 24 23
0 24 23
0 23 22
0 23 22
0 23 22
0 22 21
0 21 20
0 21 20
0 20 19
0 20 19
0 19 18
0 19 19
0 21 21
1 21 21
0 22 22
0 22 22
0 22 22
0 23 23
0 22 22
0 22 22
0 21 21
0 21 21
0 21 21
1 22 22
0 23 23
0 23 23
0 23 23
0 24 24
0 24 24
0 23 23
0 23 23
0 23 23
0 21 21
0 20 20
0 21 21
0 21 21
0 21 21
0 22 22
0 21 21
0 21 21
0 21 21
0 21 21
0 22 22
0 19 19
1 19 19
0 20 20
0 21 21
0 21 21
0 22 22
0 22 22
0 23 23
0 23 23
0 23 23
0 22 22
0 21 21
0 19 19
0 19 19
0 18 18
0 18 18
0 18 18
0 19 19
0 20 20
0 20 20
0 19 19
0 19 19
0 20 20
0 21 21
0 19 19
0 20 20
0 19 19
0 20 20
0 21 21
0 23 23
0 23 23
0 23 23
0 22 22
0 22 22
0 22 22
0 22 22
0 20 20
0 20 20
0 21 21
0 21 21
0 21 21
0 22 22
0 22 22
0 22 22
0 23 23
0 23 23
0 22 22
0 21 21
0 18 18
0 19 19
0 19 19
0 20 20
0 20 20
0 19 19
0 20 20
0 19 19
0 21 21
0 21 21
0 21 21
0 21 21
0 21 21
0 20 20
0 20 20
0 19 19
0 18 18
0 15 15
0 15 15
0 16 16
0 18 18
0 18 18
0 17 17
0 18 18
0 19 19
0 18 18
0 17 17
0 18 18
0 17 17
0 17 17
0 17 17
0 18 18
0 18 18
1 18 18
0 18 18
0 19 19
0 18 18
0 19 19
0 20 20
0 20 20
0 19 19
0 21 21
0 21 21
0 21 21
0 21 21
0 21 21
0 22 22
0 23 23
0 21 21
0 21 21
1 21 21
0 21 21
0 21 21
0 21 21
0 22 21
0 22 21
1 22 21
0 22 21
1 22 21
0 22 21
0 19 18
0 22 21
0 21 20
0 21 20
0 21 20
0 21 20
0 22 21
0 21 20
0 21 20
1 21 20
0 23 22
0 23 22
0 22 21
0 20 19
1 21 20
0 22 21
0 22 21
0 22 21
0 22 21
0 22 21
0 22 21
0 22 21
1 23 22
0 22 21
1 23 22
0 22 21
0 20 19
1 21 20
0 23 21
0 22 20
0 23 20
0 23 20
0 23 20
0 23 20
0 23 20
0 22 19
0 22 19
0 23 20
0 21 18
0 20 17
0 20 17
0 21 18
0 21 17
0 21 17
0 21 17
0 21 17
0 21 17
0 20 17
0 20 17
0 18 15
0 16 14
0 16 14
0 17 15
0 17 15
0 17 15
0 17 15
0 18 16
0 19 17
0 19 18
0 19 18
0 19 18
0 19 18
0 16 15
0 15 14
0 16 15
0 16 15
0 17 16
0 17 16
0 19 18
0 19 18
0 19 18
0 18 17
0 13 13
0 14 14
0 14 14
0 14 14
0 15 15
0 14 14
0 14 14
0 15 15
0 16 16
0 16 16
0 16 16
0 17 17
0 16 16
0 16 16
0 17 17
0 18 18
1 17 17
0 17 17
0 17 17
0 17 17
0 17 17
0 18 18
0 17 17
0 18 18
0 17 17
0 16 16
0 17 17
0 17 17
0 17 17
0 18 18
0 19 19
0 19 19
0 19 19
0 19 19
0 19 19
0 19 19
1 19 19
1 19 19
0 18 18
0 20 20
0 19 19
1 21 21
0 20 20
0 20 20
0 20 20
0 20 20
0 21 21
1 21 21
1 19 19
1 18 17
0 19 18
0 18 17
0 18 17
0 18 17
0 20 19
0 20 19
0 20 19
0 19 18
0 19 18
1 19 18
0 19 18
1 21 19
1 20 18
0 21 19
0 21 18
0 20 17
0 21 18
0 21 18
0 21 18
1 21 18
0 22 19
0 23 20
0 23 20
0 22 19
0 23 19
0 23 19
1 23 19
0 22 18
0 22 18
0 22 18
0 22 18
0 21 17
0 20 16
0 20 16
0 20 16
0 21 18
0 21 18
0 21 18
0 21 18
0 21 18
0 21 18
0 21 18
0 22 19
0 22 19
0 22 19
0 22 19
0 20 18
0 21 20
0 19 18
0 21 20
0 20 19
0 19 18
0 20 19
0 20 19
0 20 19
0 20 19
0 18 17
0 18 17
0 17 16
0 17 16
0 16 15
1 17 16
1 16 15
0 17 16
0 17 16
0 18 17
0 18 17
0 18 17
0 18 17
0 18 17
0 17 16
0 18 17
0 19 17
0 18 16
0 20 18
0 21 19
0 22 20
0 23 21
0 23 21
0 23 21
0 23 21
0 22 20
0 22 20
0 22 21
0 21 20
0 20 19
0 20 19
0 20 19
0 21 20
0 23 22
0 23 22
0 23 22
0 23 22
0 23 22
0 23 22
0 23 22
0 22 21
0 20 19
1 19 19
0 20 20
0 21 21
0 21 21
0 21 21
0 21 21
0 20 20
0 21 21
0 20 20
0 21 20
0 21 20
1 19 18
0 22 21
0 22 21
0 21 20
0 22 20
0 21 19
0 22 20
0 21 19
0 21 19
0 20 18
0 20 18
0 21 19
0 22 20
0 21 19
0 21 19
0 21 19
0 21 19
0 21 19
0 21 19
0 22 20
0 19 17
0 20 18
0 22 20
0 23 21
0 22 20
0 23 21
0 22 20
0 21 19
0 22 20
0 22 20
0 23 20
0 23 20
0 22 19
0 23 20
0 23 20
0 20 17
0 21 17
0 22 18
0 22 18
0 22 17
0 23 18
0 23 18
0 23 18
0 22 18
1 22 17
1 23 17
0 22 16
0 22 16
0 21 15
0 22 16
0 21 15
0 22 15
0 22 15
0 22 14
0 22 14
0 22 14
0 20 13
0 20 13
1 21 14
0 22 15
0 18 12
0 18 12
0 19 13
0 19 13
0 19 13
0 21 15
1 21 15
1 21 15
0 20 14
0 22 16
0 21 16
0 22 17
0 22 17
0 21 16
0 22 17
0 21 16
0 21 16
0 23 18
0 23 18
0 23 18
0 22 17
0 20 15
0 19 13
0 20 13
0 19 12
0 19 12
0 19 12
0 20 13
0 21 14
0 22 15
0 23 16
0 23 16
0 24 17
0 22 15
0 22 15
0 21 15
0 21 15
0 21 15
0 21 15
0 23 16
0 23 16
0 24 17
0 24 17
0 22 16
0 23 17
0 21 17
0 22 18
1 22 17
0 21 16
0 21 16
0 22 17
0 22 17
0 23 18
0 24 19
0 24 19
0 23 18
0 23 18
1 24 19
0 24 19
0 23 20
0 22 18
0 22 18
0 22 18
0 22 18
0 23 18
0 23 18
0 23 18
0 21 16
0 21 16
0 22 16
0 20 15
0 22 16
0 22 16
0 21 15
0 22 17
1 22 17
0 22 17
0 22 17
0 23 18
1 22 17
2 20 17
1 21 17
0 22 17
0 21 16
0 21 16
0 21 16
0 21 16
0 21 16
0 21 16
0 21 16
0 22 16
0 21 16
0 18 14
0 20 16
0 19 16
0 19 16
0 19 17
0 19 17
0 19 17
0 19 17
0 19 17
0 19 17
0 19 17
0 18 16
0 20 17
0 20 17
0 19 16
0 21 18
0 19 17
0 19 17
0 20 18
0 20 18
0 20 18
0 20 18
0 21 19
0 21 19
0 20 18
0 20 18
0 21 18
0 20 17
0 21 17
0 20 16
0 21 17
0 21 17
0 21 17
0 21 17
0 22 18
0 22 18
0 21 18
1 22 17
0 22 17
0 23 18
0 22 18
0 24 20
0 24 20
1 23 19
0 23 19
0 23 19
0 23 19
0 23 20
0 24 21
0 23 20
0 23 20
0 22 18
0 23 19
0 21 18
0 22 19
0 23 19
0 23 19
0 23 19
0 23 19
0 22 17
0 23 18
0 22 17
0 24 18
0 21 16
0 23 18
0 21 16
0 22 17
0 23 18
0 23 18
0 24 19
0 24 19
0 24 19
0 23 19
0 23 20
0 19 16
0 19 16
0 19 16
0 20 16
0 21 16
0 21 16
0 22 17
0 23 18
0 24 19
0 24 19
0 24 19
0 22 19
0 20 17
0 20 17
0 19 16
0 17 14
0 19 16
0 19 16
0 20 17
0 18 15
0 18 15
0 19 16
0 20 17
0 21 18
0 20 17
0 19 15
0 19 15
0 20 16
0 21 17
0 23 19
0 23 19
0 22 18
0 23 19
0 23 19
0 22 19
0 21 17
0 23 19
1 23 19
0 23 18
0 23 19
0 22 18
0 22 18
0 23 19
0 23 19
0 24 20
0 24 20
0 24 21
0 24 21
0 20 18
0 21 19
0 20 18
0 22 20
0 21 19
0 22 20
0 22 20
0 22 20
0 22 20
0 22 20
0 20 18
0 19 17
0 20 18
0 20 18
0 16 15
0 17 16
0 17 16
0 17 16
0 18 17
0 18 17
0 18 17
0 17 16
0 18 17
1 15 14
0 16 15
0 18 16
0 18 16
0 19 16
0 19 16
0 19 16
0 19 16
0 20 17
0 20 17
0 19 16
0 19 16
0 18 16
1 15 13
0 13 12
0 14 13
0 13 12
0 13 12
0 13 12
0 14 13
0 14 13
0 14 13
0 14 13
0 14 13
0 12 11
0 12 11
0 13 12
0 15 14
0 15 14
0 14 13
0 15 14
0 16 15
0 16 15
0 16 15
0 18 16
0 19 17
0 19 17
0 17 15
0 17 15
0 19 15
0 20 16
0 20 16
0 20 16
0 20 16
0 22 18
0 23 19
0 22 18
0 21 17
0 21 17
0 21 17
0 20 16
0 20 16
0 20 16
0 22 18
0 22 18
0 22 18
0 22 18
0 22 18
0 22 18
0 21 17
0 19 17
0 21 19
0 23 20
0 22 19
0 22 18
0 22 18
0 21 17
0 22 17
0 22 17
0 22 17
0 22 17
0 20 16
0 21 17
0 22 18
0 22 18
0 22 18
0 21 17
0 21 17
0 21 17
0 21 17
0 21 17
0 21 17
0 22 18
0 21 18
0 20 17
1 19 16
0 21 18
0 21 18
0 23 20
0 23 20
0 24 21
0 24 21
0 24 21
0 24 21
0 24 21
0 24 21
0 22 19
0 22 19
1 22 19
0 22 19
0 23 19
0 23 19
0 23 19
0 23 19
0 23 19
0 23 19
0 23 19
0 21 16
0 23 18
0 22 17
0 22 16
0 21 15
1 22 16
0 23 17
0 23 17
0 23 17
0 23 17
0 23 17
0 23 17
0 23 17
0 21 15
0 20 14
0 20 14
0 22 16
0 22 16
0 23 17
0 23 17
0 23 17
0 23 17
0 23 17
0 22 17
0 22 17
1 21 17
0 20 17
0 22 19
0 22 19
0 22 19
0 22 19
0 22 19
0 22 19
0 22 19
0 21 18
0 22 19
0 22 19
0 22 18
0 24 20
0 23 19
0 24 20
0 24 20
0 23 19
0 24 20
0 24 20
0 24 20
0 24 20
0 21 17
0 21 17
0 21 17
0 23 19
0 22 18
0 21 17
0 22 18
0 22 18
0 22 18
0 23 19
0 23 19
0 23 19
0 22 18
0 22 18
0 22 18
0 22 18
0 21 17
0 23 19
0 22 18
0 23 19
0 23 19
0 23 19
0 23 19
0 23 19
0 23 19
0 22 18
0 22 18
0 21 17
0 22 17
0 20 15
0 20 15
0 20 15
0 21 16
0 21 16
0 21 16
0 21 16
0 21 16
0 23 18
1 22 17
0 22 18
0 22 18
0 22 18
0 21 17
0 22 17
0 23 18
0 23 18
0 23 18
0 23 18
0 23 18
0 23 18
0 22 18
0 22 18
1 19 16
0 20 17
0 20 17
0 20 17
0 21 17
0 22 18
0 22 18
0 22 18
0 23 19
0 22 18
0 22 18
0 23 19
0 23 19
0 21 17
0 22 18
0 21 17
0 22 18
0 22 18
0 22 18
0 22 18
0 22 18
0 22 19
0 22 19
0 23 19
0 21 17
0 21 18
0 21 17
0 21 17
0 21 17
0 21 17
0 22 18
0 22 19
0 22 18
0 22 18
1 22 18
1 22 18
0 20 16
0 21 16
0 20 15
0 20 15
0 20 15
0 22 17
0 22 17
1 22 17
0 22 17
0 23 18
0 23 18
0 22 17
0 22 18
0 22 17
0 20 17
0 20 17
0 21 17
0 21 17
0 22 18
0 22 18
0 21 17
0 21 17
0 21 17
0 20 17
0 19 16
0 19 16
0 19 16
1 19 16
0 20 17
0 21 18
0 21 18
1 21 18
0 22 19
0 22 19
0 21 17
0 21 17
0 20 16
0 21 16
0 21 16
0 20 15
0 20 15
0 20 15
0 20 15
0 20 15
0 20 15
0 21 16
0 20 15
0 19 14
0 19 14
0 19 14
0 18 13
0 19 14
0 20 15
0 20 15
0 20 15
0 20 15
0 21 16
0 21 16
0 21 16
0 22 17
1 21 16
0 21 16
0 21 16
0 21 16
0 22 17
0 22 17
0 23 18
0 23 18
0 23 18
0 22 16
1 21 15
0 21 15
0 21 15
0 20 15
0 20 15
0 19 14
0 20 15
0 20 15
0 20 15
0 20 15
0 20 15
0 19 14
0 20 15
0 21 16
0 19 14
0 20 15
0 20 15
0 20 15
0 20 15
0 20 15
0 20 15
0 20 15
0 20 15
0 21 16
0 18 13
1 18 13
0 18 14
0 18 14
0 18 13
0 18 13
0 18 13
0 18 13
0 18 13
0 19 14
0 20 15
0 19 14
0 19 14
0 19 14
0 17 12
0 17 12
0 18 13
1 20 15
0 23 18
0 23 18
0 23 18
0 22 17
0 22 17
0 22 17
0 21 16
0 21 16
0 21 15
0 21 15
0 21 15
0 21 15
0 21 15
0 21 15
0 22 16
0 22 16
0 22 16
0 21 15
0 22 15
0 21 14
0 21 13
0 20 12
0 20 12
0 20 12
0 20 12
0 20 12
0 20 12
0 21 12
0 20 12
0 19 12
0 21 13
0 22 14
0 23 15
0 23 15
1 23 15
0 23 15
0 23 15
0 23 15
0 23 15
0 23 15
0 23 15
0 23 15
0 21 13
0 20 12
0 20 13
1 22 15
1 22 15
1 22 15
1 23 15
1 23 15
1 23 15
1 23 15
1 22 15
1 21 14
1 21 14
0 22 15
0 21 13
0 22 14
0 22 14
0 23 15
0 23 15
0 23 15
0 23 15
0 23 15
0 23 15
0 23 15
0 23 14
0 23 15
0 24 15
0 23 14
0 23 15
0 23 15
0 23 15
0 23 15
0 23 15
0 23 15
0 23 15
0 21 14
1 19 12
0 20 13
0 19 13
0 19 13
0 18 12
0 17 11
0 17 11
0 17 11
0 17 11
0 17 11
0 17 11
0 17 11
0 18 12
0 17 12
0 15 10
0 15 10
0 13 8
0 14 8
0 14 8
0 15 9
0 15 9
0 15 9
0 15 9
0 15 9
0 16 9
0 16 9
1 15 8
0 15 8
0 15 8
0 15 8
1 15 8
1 15 8
0 16 9
0 15 8
0 16 9
0 17 10
0 17 10
0 17 10
0 17 10
0 19 12
0 17 11
0 17 11
0 19 12
0 20 13
0 20 13
0 21 14
0 21 14
1 21 14
0 22 15
0 21 14
0 21 14
0 22 15
0 23 16
0 23 16
0 23 16
0 23 16
0 23 16
0 23 16
0 23 16
0 23 16
0 22 15
0 22 15
0 22 14
0 19 11
0 20 12
0 20 12
0 20 12
0 20 12
0 20 12
0 20 12
0 20 12
0 20 12
0 19 11
0 19 11
0 20 11
0 18 9
0 16 8
0 16 8
0 17 9
0 17 10
0 17 10
0 18 11
0 18 12
1 19 12
0 19 13
0 16 11
0 17 12
0 17 12
0 17 12
0 17 12
0 17 12
0 17 12
0 17 12
0 17 12
0 17 12
0 18 12
0 17 11
0 16 11
0 16 11
0 16 11
0 16 11
0 16 11
0 17 12
0 18 13
0 18 13
0 18 13
0 20 15
0 20 15
0 20 14
0 20 14
0 20 14
0 21 15
0 21 15
1 20 14
1 20 14
1 20 14
1 20 14
1 20 14
1 20 14
1 20 13
1 19 12
0 18 12
0 18 12
0 17 12
0 17 12
0 17 12
0 18 13
0 19 14
0 19 14
0 19 14
0 19 14
0 19 14
0 19 14
0 20 15
0 20 16
1 19 15
0 20 16
0 20 16
0 20 16
0 20 16
0 21 16
0 21 16
0 18 13
0 20 15
0 19 14
0 19 14
0 20 15
0 18 13
0 19 14
0 19 14
0 20 15
0 20 15
0 20 15
0 21 16
0 21 17
0 19 16
0 19 16
0 19 16
0 22 17
0 23 18
0 22 17
0 22 17
0 22 17
0 22 17
0 22 17
0 22 17
0 21 16
0 18 14
0 20 17
0 21 18
0 21 18
0 22 19
0 20 18
0 21 19
0 21 19
0 21 19
0 20 18
0 20 18
0 20 18
0 20 18
0 21 19
0 20 18
0 18 16
1 20 17
0 20 17
0 22 18
0 22 18
0 23 19
0 23 19
0 23 19
0 23 19
0 23 19
0 22 17
0 23 18
0 22 17
0 22 17
0 23 17
0 22 17
0 23 18
0 23 18
0 23 18
0 23 18
0 23 18
0 23 18
0 23 17
0 23 17
0 24 17
0 23 16
0 24 16
0 23 15
0 23 15
0 23 15
0 23 15
0 23 15
0 23 15
0 21 14
0 21 14
0 19 12
0 22 15
0 22 15
0 21 14
0 21 14
0 21 14
0 22 14
0 22 14
0 22 14
0 22 14
0 21 14
1 22 14
0 21 14
0 22 14
0 22 14
1 21 13
0 21 13
0 21 13
0 21 13
0 21 13
0 21 13
0 21 13
0 21 13
1 21 14
1 20 15
0 21 15
0 21 15
0 21 15
0 22 16
0 22 16
0 22 16
0 22 16
0 22 16
0 21 16
0 19 15
1 18 15
1 18 15
0 17 14
0 17 14
0 17 14
0 18 15
0 18 15
0 18 15
0 18 15
0 19 16
0 19 16
0 19 16
0 17 14
0 17 14
0 17 14
0 16 13
0 17 14
0 17 14
0 17 14
0 17 14
0 17 14
0 17 14
0 17 14
0 18 15
0 16 13
0 16 13
0 18 14
0 18 14
0 17 13
0 17 13
0 17 13
0 17 13
0 17 13
0 17 13
0 15 11
0 15 11
0 15 12
0 16 13
0 15 12
0 15 13
0 16 14
0 16 14
0 16 14
0 16 14
0 16 14
0 16 14
0 17 15
0 16 14
0 17 15
0 17 15
0 16 13
0 15 12
0 15 12
0 15 12
0 15 12
0 15 12
0 15 12
0 15 12
0 16 13
0 13 11
0 12 10
0 13 11
0 13 11
0 13 11
0 10 8
0 11 9
0 11 9
0 11 9
0 11 9
0 11 9
0 10 8
0 9 7
0 10 8
0 11 8
0 12 9
0 12 9
0 14 11
0 14 11
0 14 11
0 14 11
0 14 11
0 14 11
0 14 11
0 13 11
0 13 11
0 11 9
0 11 9
0 11 10
0 11 10
0 12 10
0 13 11
0 13 11
0 13 11
0 14 12
0 14 12
0 13 11
0 13 11
0 13 11
1 12 10
0 12 10
0 12 10
0 12 10
0 12 10
0 12 10
0 13 11
0 14 12
0 13 11
0 15 12
0 15 12
0 15 12
0 16 13
0 17 14
0 17 14
0 17 14
0 17 14
0 17 14
0 17 14
0 17 14
0 16 13
0 16 14
0 17 15
0 16 14
0 18 16
0 18 16
0 19 17
0 19 17
0 19 17
0 20 18
0 20 18
0 20 18
0 21 18
0 22 19
0 19 16
0 19 16
1 16 13
1 17 14
0 20 16
0 20 16
0 21 17
0 21 17
0 21 17
0 21 17
0 19 15
0 19 15
0 20 16
1 20 16
0 22 18
0 22 18
0 23 19
0 23 19
0 23 19
0 24 20
0 24 20
0 24 20
0 24 20
0 23 20
0 20 17
0 19 16
0 22 18
0 22 18
0 21 19
0 21 19
0 21 19
0 21 19
0 21 19
0 21 19
0 22 20
0 21 19
0 21 19
0 22 20
0 21 19
0 21 19
0 22 20
0 22 20
0 22 20
0 23 21
0 23 20
0 23 20
0 23 20
0 23 20
1 21 18
0 21 18
1 19 17
0 19 17
0 17 15
0 17 15
0 17 15
0 19 17
0 20 18
0 20 18
0 21 18
0 21 18
0 22 18
1 21 18
0 20 15
0 18 14
0 18 14
0 18 14
0 19 15
0 19 15
0 19 15
0 19 15
0 19 15
0 16 13
0 18 16
0 18 16
0 17 15
0 16 14
0 17 14
0 17 14
0 17 14
0 18 15
0 18 15
0 18 15
0 17 14
0 18 14
0 19 15
0 18 14
0 18 13
0 17 13
0 20 16
0 20 16
0 21 17
0 22 18
0 22 18
0 22 18
0 20 16
0 20 16
0 20 15
0 19 15
0 20 16
0 22 17
0 21 16
0 23 16
0 23 16
0 23 16
0 23 16
0 23 16
0 23 16
0 22 16
0 23 17
0 22 16
0 22 16
1 20 14
0 21 15
0 21 15
0 22 15
0 23 16
0 24 16
0 24 16
0 23 15
0 23 15
0 22 14
1 23 14
0 23 14
0 21 13
0 22 14
0 22 14
0 22 14
0 22 14
0 22 14
0 22 14
0 22 14
0 22 14
0 20 13
0 16 11
0 18 13
0 17 12
0 17 12
0 17 12
0 17 12
0 19 14
0 20 15
0 20 15
0 20 15
0 21 16
0 21 16
0 20 15
0 19 15
0 20 16
0 20 16
0 20 16
0 20 16
0 20 16
0 20 16
0 20 16
0 20 16
1 20 16
0 20 17
0 19 16
0 19 16
0 19 16
0 19 16
0 20 17
0 20 17
0 20 17
1 20 17
0 21 18
0 21 18
0 20 17
1 20 17
1 19 17
1 21 19
1 19 17
0 21 18
0 22 18
0 22 18
0 22 18
0 22 18
0 21 17
0 22 18
0 21 17
0 22 18
1 21 18
1 21 18
0 22 19
0 22 18
0 20 16
0 22 18
0 22 18
0 22 18
0 22 18
0 21 17
0 20 17
0 21 17
0 22 18
0 21 18
0 21 18
0 20 18
0 20 18
0 21 19
0 21 19
0 21 19
0 21 19
0 20 18
0 21 19
0 18 16
0 19 17
0 19 17
0 19 17
0 20 17
0 19 16
0 20 17
0 20 17
0 22 19
0 22 19
0 23 20
0 23 20
0 23 20
0 21 18
0 22 18
0 22 18
0 19 15
0 21 17
0 21 17
0 21 17
0 21 17
0 21 17
0 21 17
0 22 18
1 20 16
0 19 16
0 18 15
0 18 16
1 19 16
0 20 17
0 20 17
1 20 17
0 22 19
0 22 19
0 21 18
0 21 19
0 22 19
0 20 18
0 21 19
0 21 19
0 21 19
0 21 19
0 22 19
0 22 19
0 22 19
0 22 19
0 21 18
0 22 19
1 22 19
1 20 18
1 21 18
1 20 17
1 21 16
0 20 15
0 20 15
0 21 15
0 21 15
0 21 15
0 21 15
0 22 15
0 22 15
0 20 14
0 21 14
0 19 13
0 19 13
0 18 13
0 19 14
0 19 14
0 19 14
0 19 14
0 19 14
0 20 14
0 20 14
0 18 13
0 18 13
0 18 13
0 17 12
0 16 12
0 16 12
0 16 12
0 16 12
0 16 12
0 18 14
0 18 14
0 18 14
0 19 15
0 18 15
0 19 15
0 20 15
0 19 14
0 19 14
0 19 14
0 19 14
0 19 14
0 18 14
0 18 14
0 18 14
0 17 13
0 17 13
0 18 14
0 18 14
0 17 13
0 17 13
0 17 13
0 19 15
0 19 15
0 20 16
0 20 16
0 20 15
0 20 15
0 20 15
0 21 16
0 22 17
0 22 17
0 22 17
0 20 16
0 22 18
0 22 18
0 20 17
0 20 17
0 20 17
0 19 16
0 18 14
0 19 15
1 19 15
0 20 16
0 21 17
0 21 17
0 21 17
0 21 17
0 21 17
1 19 16
1 19 17
0 20 18
0 20 18
0 19 17
0 18 16
0 18 16
0 18 16
0 18 16
0 18 16
0 19 17
0 19 17
0 18 16
0 15 13
0 14 12
0 16 14
0 16 14
0 15 13
0 15 13
0 15 13
0 16 14
0 16 14
0 16 14
0 16 14
0 17 15
0 16 14
0 15 13
0 14 11
1 14 11
0 15 12
0 16 13
0 17 13
0 18 14
0 18 14
0 18 14
0 18 14
0 19 14
0 17 13
0 16 12
0 16 13
0 16 13
0 17 13
0 17 13
0 17 13
0 19 15
0 19 15
0 19 15
0 19 15
0 20 16
0 20 15
0 20 15
0 20 15
0 18 13
0 17 12
0 17 12
0 17 12
0 18 13
0 19 14
0 19 14
0 20 15
0 20 15
0 20 15
0 20 15
0 21 16
0 22 17
0 22 17
1 22 17
0 23 18
0 23 18
0 23 18
1 23 18
1 23 18
1 22 17
0 22 17
0 22 17
0 22 19
0 20 17
0 19 17
0 19 17
0 20 18
0 21 19
0 22 19
0 22 19
0 21 18
0 22 20
0 20 19
0 18 17
0 20 19
0 20 19
0 19 19
0 20 20
1 20 20
0 21 21
0 20 20
0 20 20
0 20 20
0 20 20
0 22 22
0 21 20
0 20 19
0 19 18
0 18 17
0 18 17
0 18 16
0 18 16
0 18 16
0 18 16
0 20 18
0 19 17
0 18 16
1 18 17
0 19 18
0 19 17
0 17 15
0 17 15
0 18 16
0 19 17
0 19 17
0 20 18
0 21 19
0 18 17
0 16 15
1 15 14
0 16 15
0 15 14
0 15 14
0 16 15
0 16 15
0 16 15
0 17 16
0 17 16
0 17 16
1 17 16
1 17 16
0 16 16
0 16 16
0 15 15
0 15 15
0 16 16
0 17 16
1 17 16
0 17 16
0 19 18
0 19 18
0 19 18
0 15 14
0 16 14
0 16 14
0 14 13
0 16 14
0 14 12
0 15 13
0 16 14
0 16 14
0 17 15
0 19 16
0 21 17
0 20 16
0 22 16
0 21 16
0 21 16
0 21 17
0 22 18
0 22 18
0 22 18
0 23 18
0 23 18
0 23 18
0 22 17
0 23 17
0 21 16
0 21 16
0 20 16
0 22 17
0 22 17
0 22 17
0 23 18
0 23 18
0 23 18
0 23 18
0 24 18
0 24 18
1 23 17
0 22 17
0 21 16
0 20 15
0 20 15
0 20 15
0 20 15
0 20 15
0 20 15
0 21 15
0 22 16
0 21 16
0 21 16
1 22 17
1 22 17
1 21 16
0 21 15
0 21 15
0 21 15
0 21 15
0 21 15
0 21 15
0 22 16
0 22 16
0 22 16
0 22 16
0 21 15
0 21 15
0 20 15
0 20 15
0 20 15
0 22 17
0 22 17
0 22 17
0 22 17
0 21 17
0 21 17
0 21 18
0 21 18
0 21 18
1 21 18
0 22 19
0 22 18
0 22 18
0 21 17
0 21 17
0 21 17
0 21 16
0 21 16
0 19 14
0 18 14
0 18 14
0 19 14
0 19 14
0 21 15
0 21 15
0 21 15
0 21 15
0 21 16
1 22 17
0 19 16
0 22 18
0 21 17
0 20 16
0 20 16
0 20 16
0 20 16
0 21 17
0 21 17
0 21 17
0 21 17
0 21 17
0 18 15
1 19 16
0 19 16
0 21 18
0 22 19
0 22 19
0 22 19
0 22 19
0 22 19
0 19 16
1 20 18
0 20 18
0 21 19
1 19 17
0 21 19
0 22 20
0 21 20
0 21 20
0 21 20
0 21 20
0 21 20
0 21 20
0 20 19
0 19 18
0 20 19
1 21 19
0 20 18
0 21 18
0 21 18
0 21 18
0 21 18
0 21 18
0 21 18
0 21 18
0 20 17
0 18 15
0 18 15
0 17 14
0 18 14
0 19 15
0 19 15
0 19 15
0 19 15
0 20 16
0 20 16
0 20 16
0 19 16
0 19 16
0 19 16
0 18 15
0 18 15
0 18 14
0 18 14
0 18 14
0 18 14
0 18 14
0 18 14
0 18 14
0 20 15
0 18 13
0 15 10
0 14 9
0 13 9
0 14 10
0 15 11
0 15 11
0 14 11
0 14 11
0 14 11
0 15 12
0 16 13
0 15 13
0 16 13
0 16 14
0 14 12
0 13 11
0 15 13
0 15 13
0 16 14
0 16 14
0 17 15
0 17 15
0 17 15
0 17 16
0 17 16
0 18 16
0 18 16
0 18 16
0 19 17
0 19 17
0 19 17
0 19 17
0 19 17
0 19 17
0 20 18
0 19 17
1 18 16
1 19 17
1 18 16
0 18 17
1 18 17
0 18 17
0 19 19
0 19 19
0 20 20
0 17 17
0 17 17
0 18 18
0 17 17
0 17 17
0 16 16
0 16 16
0 16 16
0 16 16
0 16 16
0 16 16
0 17 17
0 17 17
0 18 18
0 18 18
0 18 18
0 18 18
0 17 17
0 17 17
0 17 17
0 17 17
0 17 17
0 17 17
0 17 17
0 17 17
0 17 17
0 18 18
0 18 18
0 17 17
0 18 18
0 17 17
0 19 19
0 19 19
0 20 19
0 20 19
0 20 19
0 20 19
0 21 20
0 21 20
0 22 21
0 20 19
0 20 19
0 21 19
1 21 18
0 22 19
0 22 19
0 22 19
0 22 19
0 21 18
0 22 19
0 21 18
0 21 17
0 21 16
0 20 15
0 20 15
0 21 16
0 22 17
0 22 17
0 22 17
0 21 16
0 21 16
0 22 17
0 21 16
0 20 15
0 21 15
0 20 15
0 17 12
0 18 13
0 18 13
0 18 13
0 19 14
0 19 14
0 20 14
0 22 16
0 21 16
0 21 16
0 21 16
0 20 14
0 18 12
0 19 13
0 20 14
0 20 14
0 20 14
0 20 14
0 19 13
0 18 13
0 17 12
0 18 13
0 18 13
0 17 12
0 16 12
0 15 11
0 15 11
0 15 11
0 16 11
0 16 11
0 16 11
0 15 10
0 14 10
0 13 10
0 13 10
0 11 8
0 11 8
0 12 9
0 12 9
0 13 10
0 14 11
0 15 12
0 16 13
0 16 13
0 17 14
0 17 14
0 16 13
0 16 13
0 17 14
0 19 15
1 18 14
0 19 15
0 19 15
0 20 16
0 20 16
0 20 16
0 22 18
1 21 17
0 21 17
0 23 19
0 22 18
0 21 17
0 22 18
0 22 18
0 22 18
0 22 18
0 22 18
0 22 18
0 20 16
0 21 16
0 21 16
0 22 17
0 21 15
0 21 15
0 22 16
0 23 17
0 23 17
0 23 17
0 24 18
0 23 17
0 23 17
0 23 17
0 21 16
0 22 18
0 19 16
0 20 16
0 21 16
0 21 16
0 21 16
0 21 16
0 21 16
0 22 17
0 22 17
0 23 18
0 23 18
0 22 17
0 21 17
0 21 17
0 22 17
0 22 17
0 22 17
1 22 17
0 22 17
0 22 17
0 22 16
0 21 15
0 20 15
0 20 15
0 20 15
0 20 15
0 19 15
0 19 15
0 19 15
0 19 15
0 20 15
0 20 15
0 20 15
0 19 15
0 18 14
0 18 14
0 20 15
0 20 15
0 20 15
0 20 15
0 20 15
0 20 15
0 20 15
0 20 15
0 19 15
0 18 14
0 16 12
0 17 13
0 17 13
0 17 13
0 16 13
0 16 13
0 16 13
0 16 13
0 16 13
0 16 13
0 17 13
0 16 12
0 16 12
0 16 12
0 14 11
0 15 11
0 15 11
0 15 11
0 15 11
0 15 11
0 15 11
0 15 12
0 15 12
0 15 12
0 17 14
0 17 14
0 17 14
0 17 14
0 17 14
0 17 14
0 17 14
0 17 14
0 17 14
0 14 11
0 15 12
0 14 11
0 14 11
0 12 9
0 13 10
0 14 11
0 13 10
0 14 11
0 14 11
0 14 11
0 13 9
0 15 11
0 17 13
0 19 15
0 19 16
0 20 16
0 18 15
0 18 15
0 18 15
0 19 15
0 20 16
0 19 15
0 19 15
0 16 13
0 16 13
0 17 14
1 18 15
0 19 16
0 20 16
0 20 16
0 20 16
0 20 16
0 20 16
0 20 16
0 20 16
0 19 16
0 17 14
0 17 14
0 18 14
1 18 14
0 19 15
0 20 16
0 20 16
0 21 17
0 21 17
0 21 17
0 21 17
0 20 16
0 19 15
0 18 15
0 19 16
0 19 16
0 20 17
1 20 17
0 21 18
0 21 18
0 22 19
0 22 19
0 21 18
0 22 19
0 21 18
0 20 17
0 20 17
0 18 15
1 18 15
0 18 15
0 19 16
0 19 16
0 19 16
0 19 16
0 20 17
0 20 17
0 19 16
0 19 17
0 19 17
0 19 16
0 19 17
0 19 17
0 19 17
0 20 18
0 20 18
0 20 18
0 18 16
0 17 15
0 17 15
0 18 15
0 20 17
0 19 16
0 19 15
0 19 15
0 19 15
0 20 16
0 20 16
0 20 16
0 20 16
0 20 15
0 22 17
0 21 16
0 20 15
0 21 15
1 21 15
0 22 16
0 22 16
0 22 16
0 22 16
0 22 16
0 22 16
0 21 16
0 22 17
0 22 17
0 21 16
0 23 18
0 22 17
0 23 18
0 23 18
1 23 18
0 24 19
0 24 19
0 23 18
0 23 18
1 22 17
0 22 17
0 22 17
0 22 18
0 20 16
0 20 16
0 20 16
0 21 17
0 21 17
0 22 17
0 22 17
0 20 15
0 20 15
0 20 14
0 18 12
0 19 13
0 18 12
0 18 12
0 18 12
0 18 12
0 18 12
0 18 12
0 19 13
0 19 13
0 19 13
0 19 13
0 19 13
0 17 12
0 17 12
2 17 12
0 18 13
0 19 14
0 19 14
0 19 14
0 18 14
0 19 15
1 19 15
0 19 15
0 18 15
0 18 14
0 18 14
0 18 14
0 17 13
0 17 13
0 17 13
0 17 13
0 18 13
0 18 13
0 17 13
0 17 13
0 17 13
0 17 12
0 17 12
0 16 11
0 16 11
0 17 12
0 17 12
0 17 12
0 16 11
0 18 13
0 17 12
0 18 13
0 18 13
0 16 11
0 16 11
0 17 12
0 17 13
0 17 13
0 17 13
0 17 13
0 16 12
0 16 12
0 15 11
0 16 12
0 16 13
0 16 13
0 16 12
0 16 12
0 16 12
0 16 12
0 16 12
0 16 12
0 16 12
0 16 12
0 15 12
0 14 11
0 12 9
0 12 9
0 13 10
0 13 10
0 13 10
0 13 10
0 13 10
0 13 10
0 13 10
0 13 10
0 14 11
1 14 11
0 14 11
0 13 10
0 14 11
0 15 11
0 16 11
0 15 10
0 16 11
0 16 11
0 16 11
0 15 10
0 15 10
1 16 11
0 17 12
0 17 12
0 16 11
0 16 12
0 17 13
0 17 13
0 17 13
0 17 13
0 17 13
0 16 13
0 15 13
0 16 14
0 15 13
0 15 13
0 17 14
0 17 14
0 17 14
0 17 14
1 17 14
0 18 15
0 17 15
0 17 15
0 16 15
0 16 15
0 17 15
0 18 16
0 18 16
0 18 16
0 18 16
0 18 16
0 18 16
0 18 16
0 17 16
0 18 17
0 17 16
0 18 17
0 15 15
0 16 15
0 16 15
0 16 15
0 17 16
0 16 15
0 17 16
0 17 16
0 17 16
0 17 16
0 16 16
0 16 15
0 15 14
0 15 14
0 13 12
0 12 11
0 12 11
0 13 12
0 14 13
0 14 13
0 14 13
0 12 11
0 10 10
0 9 9
0 9 9
0 9 9
0 10 10
0 10 10
0 9 9
0 9 9
0 10 10
1 10 10
0 10 10
0 10 10
0 8 8
0 9 9
1 7 7
0 7 7
0 8 8
0 8 8
0 8 8
0 7 7
0 7 7
0 7 7
0 7 7
0 7 7
0 9 7
0 9 6
0 8 4
0 7 3
0 7 3
0 7 3
0 7 3
0 9 4
0 9 4
0 10 4
0 11 5
0 11 6
0 12 7
0 12 7
0 12 7
0 13 8
1 14 9
0 16 11
0 16 11
0 16 11
0 16 11
0 16 11
0 16 11
0 14 10
0 16 12
0 17 12
0 15 11
0 15 11
0 16 13
1 16 13
0 16 13
0 16 13
0 16 13
0 16 13
0 14 12
0 14 12
0 13 12
0 13 13
0 13 13
0 14 14
0 15 15
0 15 15
0 16 16
0 17 17
0 17 17
0 17 17
0 15 15
0 15 15
0 14 14
0 15 14
0 15 14
0 12 11
0 12 10
0 12 10
0 12 10
0 12 10
0 12 10
0 12 10
0 12 10
0 12 10
0 12 10
0 13 11
0 13 12
0 11 10
0 10 9
0 10 9
0 10 9
0 11 10
0 12 11
0 13 12
0 13 12
0 13 12
0 11 10
0 12 10
0 10 8
0 11 9
0 11 10
0 12 11
0 12 11
0 12 11
0 13 12
0 13 12
0 13 12
0 12 11
0 14 12
0 14 12
0 13 12
0 12 11
0 10 9
0 9 8
0 9 8
0 9 8
0 9 8
0 9 8
0 10 9
0 10 9
0 9 9
0 9 8
0 10 9
0 11 9
0 11 9
0 11 9
0 11 9
0 11 9
0 10 8
0 10 8
0 10 8
0 9 8
0 8 7
0 10 9
0 11 10
1 10 9
0 11 10
0 12 10
0 12 10
0 14 12
0 13 12
0 13 12
0 14 13
0 15 14
0 15 14
0 17 16
0 15 14
0 18 16
0 17 15
0 17 15
0 18 16
0 18 16
0 18 16
0 18 16
0 17 15
0 18 16
0 17 15
0 17 15
0 15 13
0 14 12
0 13 11
0 13 11
0 14 12
0 14 12
0 14 12
0 15 12
0 14 11
0 16 12
0 15 11
0 15 11
0 13 9
0 13 9
0 13 9
0 13 9
0 14 10
0 14 10
1 13 9
1 13 9
1 13 9
0 14 10
0 13 9
0 10 7
0 9 6
0 9 6
0 9 5
0 9 5
0 9 5
0 9 5
0 9 5
0 9 5
0 9 5
0 9 5
0 10 6
0 12 8
0 14 11
0 15 12
0 15 12
0 14 11
0 14 11
0 14 11
0 16 12
0 16 12
0 16 12
0 17 13
0 14 11
1 15 12
0 14 11
0 13 11
0 13 11
0 13 11
0 14 12
0 14 12
0 14 12
0 14 12
0 14 12
0 14 12
0 15 13
0 13 10
0 13 10
0 15 12
0 15 11
0 16 12
0 16 11
0 16 11
0 16 11
0 16 11
0 16 11
0 14 9
0 13 7
0 13 7
0 13 7
0 13 7
0 14 7
0 14 7
0 14 7
0 14 7
0 14 7
0 14 7
0 14 7
0 14 7
0 14 8
0 15 8
0 15 6
0 15 7
0 14 6
0 14 6
0 14 6
0 14 6
0 14 6
0 14 6
0 13 6
0 11 5
0 9 4
0 9 4
0 9 4
0 11 6
1 11 6
0 12 7
0 13 8
0 13 8
0 13 8
0 13 8
0 14 9
0 14 9
0 14 9
0 11 7
0 11 7
1 11 7
0 13 9
0 13 9
0 13 9
0 14 10
0 14 10
0 14 10
0 14 10
0 13 9
0 14 10
0 14 10
0 14 10
0 16 12
1 16 12
0 16 12
0 16 12
0 16 12
0 16 12
0 16 12
0 16 12
0 15 11
0 16 11
0 16 11
0 17 12
0 17 12
0 15 10
0 15 10
0 15 10
0 15 10
0 15 10
0 15 10
0 15 10
0 16 11
0 15 10
0 14 9
0 12 9
0 13 10
0 15 11
0 15 11
0 15 11
0 16 12
0 15 11
0 16 12
0 16 12
0 15 11
0 14 10
0 13 10
0 12 9
0 12 9
0 11 8
0 11 8
0 11 8
0 11 8
0 12 9
0 13 10
0 13 10
0 14 10
1 12 8
0 12 8
0 12 8
0 14 11
0 13 10
0 13 10
0 14 11
0 14 11
0 14 11
0 14 11
0 15 12
0 16 13
0 14 12
0 11 9
0 12 10
0 11 9
0 10 8
0 11 9
0 11 9
0 11 9
0 11 9
0 12 10
0 13 11
0 13 11
0 12 10
1 13 11
0 13 11
0 13 11
0 12 10
0 13 11
0 13 11
0 14 12
0 14 12
0 14 12
0 15 12
0 15 12
0 14 11
0 13 10
0 14 10
0 13 9
0 13 9
0 13 9
0 13 9
0 13 9
0 13 9
0 13 9
0 12 8
0 12 8
0 8 5
0 9 5
0 11 6
0 11 6
0 13 8
0 13 8
0 14 9
0 15 10
0 14 9
0 14 9
0 13 8
0 13 8
0 14 9
0 15 9
1 15 9
0 16 10
0 15 10
0 15 10
0 15 10
0 15 10
0 15 10
0 15 10
0 14 10
0 15 11
0 13 9
0 13 9
0 12 8
0 13 9
0 14 10
0 14 10
0 15 11
0 15 11
0 15 11
0 15 11
0 15 11
0 14 10
0 13 9
0 12 8
0 11 7
0 11 7
1 11 7
0 11 7
0 11 7
0 11 7
0 11 7
0 11 7
0 11 7
0 12 8
0 12 8
0 13 9
0 11 7
0 11 7
0 11 7
0 11 7
0 12 8
0 14 10
0 14 10
0 14 10
0 14 10
0 13 9
0 12 8
0 11 7
0 11 7
0 10 7
0 10 7
0 12 9
0 12 9
0 12 9
0 12 9
0 12 9
0 13 10
0 14 11
0 14 11
0 14 12
0 15 12
0 15 12
0 15 12
0 16 12
0 16 12
0 16 12
0 16 12
0 16 12
0 16 12
0 13 10
0 14 11
0 14 9
0 13 9
0 14 10
0 14 10
0 14 10
0 15 11
0 15 11
0 15 11
0 15 11
0 16 12
0 16 12
0 15 11
0 14 10
0 14 9
0 15 9
0 16 10
0 15 9
0 16 9
0 16 9
0 16 9
0 16 9
0 14 7
0 13 6
0 12 5
0 12 5
0 12 6
0 14 8
0 15 10
0 15 11
0 15 11
0 15 11
0 15 11
0 15 11
0 16 12
0 12 9
0 11 8
0 11 8
0 12 9
0 13 10
0 14 11
0 14 11
0 14 11
0 14 11
0 14 11
0 13 10
0 13 10
0 13 10
0 13 10
0 14 10
0 14 10
0 13 9
0 13 9
0 13 9
0 14 10
0 14 10
0 14 10
0 14 10
0 15 11
0 14 10
0 13 10
0 13 10
0 14 11
0 11 8
0 12 9
0 13 10
0 13 10
0 13 10
0 13 10
0 14 10
0 14 10
0 13 9
0 13 9
0 12 8
0 11 8
0 11 8
0 11 8
0 10 7
0 10 7
0 12 9
0 12 9
0 11 8
0 10 7
0 9 6
0 11 8
0 11 7
0 12 7
1 13 7
0 12 7
0 12 7
0 13 8
0 13 8
0 13 8
0 15 10
0 14 9
0 13 9
0 14 9
0 13 8
0 14 8
0 14 8
0 17 11
0 18 12
0 18 12
0 18 12
0 18 12
0 18 12
0 18 12
0 16 11
1 17 12
0 17 12
0 16 10
0 15 9
0 15 9
0 15 9
0 15 9
0 15 9
0 15 9
0 16 10
0 16 10
0 16 11
0 15 10
0 15 10
0 16 11
0 15 10
0 14 9
0 14 9
0 15 9
0 15 9
0 15 9
0 15 9
0 15 9
0 14 8
0 14 8
0 13 7
0 13 7
0 13 7
0 15 8
0 15 8
0 15 8
0 15 8
0 16 9
0 16 9
0 17 10
0 17 10
0 14 9
0 16 10
1 16 10
0 17 11
0 15 10
0 15 10
0 15 10
0 15 10
0 15 10
0 15 10
0 15 10
0 17 12
0 15 10
0 17 13
0 16 12
0 17 13
0 18 14
0 18 14
0 17 12
0 17 12
0 18 13
0 18 13
0 18 13
0 16 11
0 17 12
0 17 13
0 17 13
0 17 12
0 17 12
0 17 12
0 17 12
0 18 13
0 18 13
0 18 13
0 18 13
0 16 11
0 14 10
0 13 9
0 13 10
0 14 11
0 14 11
0 14 11
0 14 11
0 14 11
0 15 12
1 15 12
0 16 13
0 16 13
0 17 14
0 18 15
0 17 14
0 17 14
0 17 13
0 17 13
0 18 14
0 18 14
0 18 14
0 18 14
0 18 14
0 16 12
0 14 10
0 13 10
0 11 9
0 10 8
0 10 8
0 10 8
0 10 8
0 10 8
0 11 9
0 11 9
0 11 9
0 12 10
0 12 10
0 12 10
0 14 12
0 13 11
1 14 12
0 15 13
0 15 13
0 15 13
0 15 13
0 15 13
0 13 11
0 13 11
0 14 12
0 12 10
0 13 11
0 12 10
0 12 10
0 14 11
0 14 11
0 14 11
0 14 11
0 14 11
0 14 11
0 14 11
1 11 9
0 11 9
0 12 10
0 14 12
0 12 11
0 14 13
0 14 13
0 15 13
0 15 13
0 16 14
0 16 14
0 16 14
0 17 15
0 17 14
0 17 13
1 15 11
0 16 12
0 16 12
0 17 13
0 18 14
0 18 14
0 18 14
0 17 13
0 18 14
0 15 12
0 15 12
0 17 14
0 17 14
0 16 14
0 16 14
0 16 14
0 16 14
0 16 14
0 16 14
0 16 14
0 16 14
0 16 14
0 14 12
0 13 11
0 13 11
1 14 12
0 14 12
0 15 13
0 15 13
0 16 14
0 17 15
0 18 16
0 16 14
0 15 13
0 16 14
0 16 14
0 17 15
0 16 14
0 17 14
0 17 14
0 17 14
0 17 14
0 17 14
0 17 14
0 17 14
0 17 14
0 16 13
0 16 13
0 17 14
0 17 14
0 18 15
0 18 15
0 18 15
0 18 15
0 17 14
0 17 14
0 17 14
0 17 13
0 17 13
0 17 13
0 16 12
0 16 12
0 18 14
0 18 14
0 18 14
0 18 14
0 18 14
0 18 14
0 17 14
0 17 14
0 18 13
0 16 12
0 17 13
0 16 12
0 17 13
0 18 14
0 18 14
0 18 14
0 18 14
0 18 14
0 18 14
0 16 12
0 18 14
0 17 14
0 18 15
0 17 14
0 17 14
0 17 14
0 18 15
0 18 15
0 18 15
0 18 15
0 16 13
0 18 15
0 18 15
0 15 12
0 16 13
0 17 13
0 17 13
0 16 12
0 16 12
1 16 12
1 16 12
1 15 11
1 15 10
1 16 11
0 15 10
0 16 11
0 16 11
0 15 10
0 14 10
0 15 10
0 15 10
0 15 10
0 16 11
0 14 10
0 14 10
0 14 10
0 14 10
0 14 9
0 14 9
0 13 8
0 14 9
0 14 9
0 15 10
0 15 10
0 15 10
0 15 10
0 16 12
0 16 12
0 14 12
0 13 11
0 13 11
0 14 11
0 14 11
0 14 11
0 14 11
0 15 12
0 15 12
0 14 11
0 14 11
0 11 9
0 10 8
0 10 8
0 10 8
0 11 9
0 11 9
0 13 9
0 13 9
0 13 9
0 13 9
0 13 9
0 12 9
0 11 8
0 12 9
0 12 9
0 10 7
0 10 7
0 11 8
0 11 8
0 11 8
0 11 8
0 13 9
0 13 9
0 14 10
0 13 10
0 14 11
0 13 10
0 12 10
0 13 10
0 14 11
0 14 11
0 13 10
0 13 10
0 14 10
0 14 10
0 14 10
0 13 9
0 13 8
0 13 8
1 13 8
0 13 8
0 14 9
0 14 9
0 14 9
0 14 9
0 14 9
0 13 8
0 13 8
0 14 10
0 14 10
0 16 12
0 16 13
0 16 14
0 17 15
0 17 15
0 18 16
0 18 16
0 18 16
0 18 16
0 14 12
0 17 16
0 17 16
0 16 15
0 16 15
0 16 15
0 16 15
0 16 15
0 17 16
0 17 16
0 18 16
0 17 15
0 18 16
0 16 14
0 15 13
0 15 13
0 15 13
0 16 14
0 17 15
0 18 15
0 18 15
0 18 15
0 18 15
0 18 15
1 17 14
0 15 13
0 15 13
0 15 13
0 15 13
0 17 15
0 17 15
0 17 15
0 17 15
0 18 16
0 18 16
0 16 14
0 16 14
1 17 14
0 18 15
0 18 15
0 18 15
0 18 15
0 18 15
0 18 15
0 18 15
0 18 15
0 18 15
0 18 15
0 16 14
0 16 14
0 17 15
0 17 15
0 17 15
0 18 16
0 18 16
0 18 16
0 18 16
0 18 16
0 18 16
0 17 15
0 17 15
0 17 15
0 16 14
0 17 15
0 17 15
0 16 15
1 16 15
1 16 15
0 17 16
0 18 16
0 18 16
0 16 14
0 15 13
0 15 13
0 16 14
0 16 13
0 15 12
0 14 11
0 15 12
0 15 12
0 15 12
0 16 12
0 16 12
0 16 12
0 15 11
0 14 11
1 16 13
0 18 15
0 18 15
0 18 15
0 18 15
0 18 15
0 18 15
0 18 15
0 18 15
0 18 15
0 17 14
0 18 15
0 17 14
0 18 16
0 18 16
1 18 16
1 17 15
0 18 16
0 18 16
0 18 16
0 18 16
0 17 15
0 18 16
0 17 15
0 15 13
0 15 13
0 15 13
0 16 13
0 17 14
0 18 15
0 18 15
0 18 15
0 18 15
0 18 15
0 18 15
0 18 15
0 17 14
0 15 13
0 14 12
0 14 12
0 14 12
0 14 12
0 14 12
0 15 13
0 15 13
0 15 13
0 15 13
0 16 14
0 18 15
0 17 14
0 16 14
0 18 15
0 17 14
0 18 14
0 17 13
0 17 13
0 18 14
0 17 13
1 17 13
1 17 13
0 17 13
0 18 14
0 17 14
0 16 14
0 16 14
0 17 15
0 17 15
0 18 16
0 18 16
0 17 15
0 17 15
0 17 15
0 18 15
0 16 13
0 16 13
0 15 12
0 15 11
0 15 11
1 16 12
0 16 12
0 17 13
0 16 12
0 15 11
0 15 11
1 15 11
0 14 10
0 14 10
0 14 10
0 14 10
0 14 10
0 14 10
0 14 10
0 14 10
0 14 10
0 15 11
0 15 11
0 15 11
1 15 11
0 14 10
0 13 9
0 12 9
0 14 9
0 14 9
0 14 9
0 15 10
0 15 10
0 16 11
0 15 10
0 15 10
0 15 10
1 14 9
0 15 10
0 16 11
0 17 12
0 17 12
0 17 12
0 17 12
0 17 12
0 17 12
0 17 12
1 17 12
0 18 14
0 17 13
0 17 14
0 17 14
0 18 14
0 18 14
0 18 14
0 18 14
0 17 13
0 14 10
0 15 11
0 15 11
0 16 11
0 13 9
0 13 9
1 16 12
1 16 12
2 16 12
1 17 13
1 17 13
1 16 12
1 16 12
1 17 14
0 16 14
0 16 14
0 18 15
0 18 15
0 18 15
0 18 15
0 18 15
0 18 15
0 18 15
0 17 14
0 17 13
0 16 13
0 16 13
0 17 14
0 16 14
0 16 14
0 17 15
0 17 15
0 17 15
0 17 15
0 17 15
0 17 15
0 17 15
1 15 13
0 17 15
0 18 15
0 17 14
0 17 14
1 17 14
0 17 14
0 17 14
0 17 14
0 17 14
0 17 14
0 16 13
0 16 13
0 18 14
0 17 14
0 16 13
0 16 13
0 16 13
0 16 13
0 16 13
0 16 13
0 16 13
0 17 13
0 17 13
0 17 13
0 17 13
1 16 12
0 16 12
1 16 12
1 16 12
1 16 12
1 16 12
1 16 12
1 16 12
1 16 12
1 15 12
0 16 14
0 16 14
0 16 14
0 16 14
0 16 14
1 16 14
0 16 14
0 16 14
0 16 14
0 16 14
0 16 14
0 16 14
0 16 14
0 15 13
0 16 14
0 15 13
0 15 13
0 15 13
0 15 13
0 15 13
0 15 13
0 15 13
0 16 14
0 16 14
0 15 13
0 14 12
0 15 13
0 13 11
0 13 11
0 13 11
0 13 11
0 14 12
0 14 12
0 14 12
0 15 13
1 14 12
0 15 13
0 16 14
0 15 13
0 15 13
0 15 13
0 16 13
0 16 13
0 16 13
0 17 14
0 17 14
1 17 13
0 17 13
0 16 12
0 16 12
0 18 13
0 15 11
0 16 11
0 17 12
0 18 12
0 18 12
0 18 12
0 18 12
0 17 12
0 16 11
1 15 10
0 16 11
0 17 11
0 16 10
0 16 10
1 16 10
0 17 11
0 18 12
0 18 12
0 18 12
0 18 12
0 17 12
0 15 10
0 15 11
0 15 11
0 16 12
0 17 13
0 17 13
0 17 13
0 17 13
0 17 13
0 17 13
0 17 13
0 18 14
0 17 13
0 18 14
0 16 12
0 18 13
0 17 12
0 17 12
0 17 12
0 17 12
0 18 13
0 18 13
0 17 13
0 17 12
0 17 12
0 17 12
0 18 13
0 15 10
0 17 12
0 17 12
0 17 12
0 17 12
0 17 12
0 17 12
1 15 11
2 15 11
1 16 12
0 16 12
0 15 12
0 16 13
0 17 14
0 17 14
0 17 14
0 17 14
0 17 14
0 17 14
0 17 14
0 17 14
0 15 12
0 15 12
0 15 12
0 15 12
0 13 10
1 13 10
0 14 11
0 14 11
0 14 11
0 14 11
0 14 11
0 13 10
0 12 9
0 12 9
0 12 9
0 12 9
0 12 9
0 12 9
0 12 9
0 12 9
0 12 9
0 12 9
0 12 9
0 12 9
0 12 9
0 12 9
0 12 9
0 12 9
0 12 9
0 12 9
0 13 10
0 13 10
0 14 11
0 14 11
0 14 11
0 14 11
0 14 11
0 13 10
0 13 10
0 13 11
0 13 11
0 13 11
0 13 11
0 13 11
0 13 11
0 14 12
0 14 12
0 13 11
0 13 11
0 14 11
0 14 11
0 14 11
0 14 11
0 14 11
0 15 12
0 15 12
0 17 13
0 17 13
0 17 13
0 17 13
1 16 12
0 15 12
0 15 13
1 14 12
0 14 12
1 14 12
1 14 12
0 15 13
0 14 12
0 14 12
0 13 11
0 13 11
0 14 12
0 16 13
0 17 14
0 17 14
0 19 15
0 19 15
0 19 15
0 19 15
0 19 15
0 20 15
0 19 15
0 20 17
0 19 16
1 20 16
0 18 15
0 17 14
0 17 14
0 17 14
0 17 14
0 17 14
0 19 16
0 19 16
0 19 16
0 19 16
0 20 18
1 21 18
0 22 19
0 21 18
0 19 16
0 19 16
0 20 17
0 20 17
0 20 17
0 20 17
0 19 16
0 17 15
0 17 15
1 18 16
0 19 17
0 20 18
0 18 16
0 20 18
0 20 18
0 20 18
0 21 19
0 21 19
0 21 19
0 22 19
0 20 18
0 19 17
0 20 16
0 19 15
0 19 15
0 19 15
0 19 15
0 19 15
0 19 15
0 19 15
0 19 15
0 19 15
0 19 15
0 19 15
0 21 16
0 21 16
0 20 15
0 20 15
0 21 16
0 21 16
0 21 16
0 21 16
0 21 16
0 21 16
0 21 16
0 21 17
0 19 15
0 19 15
0 19 15
0 20 16
0 19 15
0 19 15
0 19 15
1 19 15
0 20 16
0 20 16
0 18 14
0 19 15
0 19 14
0 19 14
0 20 15
0 21 15
0 21 15
0 22 16
0 22 16
0 22 16
0 23 17
0 21 16
0 20 16
0 20 16
0 19 15
0 17 14
0 17 14
0 18 15
0 19 15
0 19 15
0 19 15
0 19 15
0 20 15
0 19 14
0 19 13
0 19 13
0 17 11
0 18 12
0 18 12
0 17 11
0 18 11
0 18 11
0 19 11
0 19 11
0 19 11
0 19 11
0 18 11
0 19 12
0 19 12
0 19 12
0 19 12
0 19 12
0 19 12
0 19 12
0 19 12
0 19 11
0 19 11
0 18 11
0 19 12
0 18 11
0 19 12
0 20 13
0 19 12
0 19 12
0 19 12
0 19 12
0 19 12
0 19 12
0 19 12
0 19 12
0 18 11
0 19 12
0 20 13
0 20 13
0 18 12
0 18 12
0 19 13
0 19 13
0 19 13
1 19 13
1 17 11
0 18 11
0 18 11
0 17 10
0 16 10
0 17 11
0 18 12
0 18 12
0 18 12
0 18 12
0 18 12
0 18 12
0 17 12
0 16 12
0 16 12
0 17 13
0 18 13
0 17 12
0 17 12
