0 16 15
0 16 15
0 16 15
0 16 15
0 17 16
0 17 16
0 15 14
0 14 13
0 15 14
0 15 14
0 17 15
0 17 15
0 17 15
0 17 15
0 17 15
0 17 15
0 17 15
0 19 17
0 18 16
0 20 18
0 20 18
0 20 18
0 20 18
0 23 21
0 24 22
1 24 22
0 25 23
0 25 23
1 25 23
1 24 22
0 24 22
0 24 22
1 21 19
0 21 19
0 22 20
0 22 20
0 22 20
0 22 20
0 22 20
0 23 21
0 23 21
0 23 21
0 23 21
0 22 20
1 22 20
0 23 21
0 24 22
0 24 22
0 23 21
0 23 21
0 24 22
0 25 22
0 25 22
0 27 24
0 26 24
1 23 21
0 26 24
0 26 24
0 28 25
0 27 24
0 26 23
0 26 23
0 27 24
0 27 24
0 28 25
0 27 24
0 27 24
0 25 22
0 27 24
0 24 21
0 24 21
0 26 23
0 26 23
0 26 23
0 26 23
0 27 24
0 27 24
0 27 24
0 26 23
0 25 22
0 21 18
0 21 18
0 22 19
0 22 19
0 23 20
0 23 20
0 23 20
0 23 20
0 24 21
0 23 20
0 24 21
0 22 19
1 19 17
0 18 16
0 19 17
0 18 16
0 19 17
0 19 17
0 19 17
0 19 17
0 18 16
0 18 16
0 16 14
0 14 13
0 13 12
0 13 12
0 13 12
0 13 12
0 14 13
0 15 14
0 16 15
1 16 15
0 16 15
0 19 18
0 19 18
0 19 18
0 19 19
0 18 18
2 20 19
0 22 21
0 21 20
1 22 21
0 22 21
0 22 21
1 22 21
0 23 22
0 25 24
0 24 23
0 21 20
1 22 21
1 22 21
0 22 21
0 22 21
0 22 21
0 22 21
0 22 21
0 22 21
0 21 20
0 19 18
0 19 18
0 20 19
0 20 19
0 20 19
0 20 19
0 21 20
0 21 20
0 21 20
0 21 20
0 21 20
0 18 17
0 17 16
0 18 17
0 18 17
0 19 18
0 20 19
0 19 18
0 19 18
0 20 19
1 20 19
0 20 19
0 20 19
0 19 18
0 20 19
0 18 17
0 17 16
0 17 16
0 18 17
0 17 16
0 17 16
0 17 16
0 17 16
0 18 17
0 18 17
0 17 16
0 17 16
1 17 16
0 19 18
0 18 17
0 18 17
0 18 17
0 19 18
0 19 18
0 19 18
0 18 17
0 18 17
0 17 16
0 17 16
0 16 15
0 16 15
0 16 15
0 15 14
1 15 14
0 15 14
0 15 14
0 16 15
0 16 15
0 16 15
0 16 15
0 17 16
0 18 17
0 17 16
0 19 18
0 18 17
0 19 18
0 19 18
0 19 18
0 19 18
0 19 18
0 19 18
0 17 16
0 16 15
0 15 14
0 16 15
0 18 17
0 18 17
0 18 17
0 18 17
0 18 16
0 18 16
0 19 17
0 19 17
0 19 17
0 20 18
0 19 17
0 22 20
0 22 20
0 24 22
0 24 22
0 25 23
0 25 23
0 25 23
0 25 23
0 24 22
1 23 21
0 25 23
0 24 23
0 23 22
0 24 23
0 26 24
1 25 23
0 25 23
0 25 23
0 25 23
0 25 23
1 25 23
0 26 24
0 26 24
0 23 21
0 24 22
0 23 21
1 21 19
0 23 21
0 23 21
0 23 21
0 22 20
0 22 20
0 22 20
0 22 20
0 21 19
0 19 17
0 18 16
0 18 16
0 19 17
0 19 17
0 19 17
0 20 18
0 21 19
0 21 19
0 21 19
0 21 19
0 23 21
0 23 21
0 23 21
0 22 20
0 23 21
0 23 21
0 24 22
0 26 24
0 25 23
0 26 24
0 26 24
0 25 23
0 25 23
0 25 23
1 24 22
0 24 22
0 24 22
0 24 21
0 24 21
0 24 21
0 24 21
0 24 21
0 25 22
0 23 20
0 18 16
0 21 19
0 20 18
0 21 19
0 22 20
0 22 20
0 23 21
0 23 21
0 23 21
0 23 21
0 23 21
0 23 21
0 23 21
0 23 21
0 21 19
1 21 19
0 21 19
0 22 20
0 22 20
0 22 20
0 22 20
0 21 19
1 21 19
0 22 20
0 22 20
0 21 19
0 21 19
0 23 21
0 24 22
0 24 22
0 25 23
0 25 23
0 25 23
0 25 23
0 25 23
0 25 23
0 23 21
0 23 21
0 20 18
0 19 18
0 19 18
0 19 18
0 20 19
0 21 20
0 22 21
0 22 21
0 22 21
1 22 21
0 21 20
0 21 20
0 22 21
0 22 21
0 20 19
0 20 19
0 20 19
0 20 19
0 20 19
0 20 19
0 20 19
0 20 19
0 21 20
0 21 20
0 22 21
0 22 21
0 22 21
0 23 22
0 24 23
0 24 23
0 25 23
0 24 22
0 24 22
0 22 20
0 24 22
0 22 20
0 23 21
0 23 21
0 25 23
0 27 25
0 26 24
0 27 25
0 27 25
0 27 25
0 28 26
0 27 26
1 24 23
0 25 24
0 24 23
0 24 23
0 25 24
0 25 24
1 25 24
0 26 25
0 26 25
0 26 25
0 26 25
0 25 24
0 26 25
0 25 24
0 26 25
0 28 27
0 28 27
0 29 28
0 28 27
0 28 27
0 29 28
0 29 28
0 29 28
0 27 26
0 28 27
0 25 24
0 25 24
0 25 24
0 25 24
0 24 23
0 24 22
0 24 22
0 24 22
0 24 22
0 24 22
0 23 21
0 24 22
0 20 19
0 18 17
0 18 17
1 18 17
0 19 18
0 19 18
0 18 17
0 19 18
0 19 18
0 20 19
0 19 18
0 17 16
0 16 15
0 17 16
0 16 15
0 17 16
1 16 15
0 16 15
0 16 15
0 17 16
0 17 16
0 17 16
0 19 18
0 19 18
0 19 18
0 20 19
0 22 21
0 22 21
0 25 24
0 23 22
0 25 24
0 25 24
0 26 25
1 26 25
0 26 25
0 27 26
0 24 23
0 24 23
0 23 22
0 24 23
0 24 23
0 25 24
0 25 24
0 25 24
0 25 24
0 25 24
0 24 23
0 24 23
0 25 24
0 25 24
0 23 22
0 25 24
0 24 23
0 24 23
0 24 23
0 23 22
0 23 22
0 23 22
0 22 21
0 22 21
0 21 20
1 22 21
1 24 23
0 25 24
0 25 24
0 25 24
0 25 24
0 25 24
0 25 24
0 26 25
0 24 23
0 27 26
0 24 23
0 22 21
0 22 21
0 22 21
1 23 22
0 23 22
0 24 23
0 24 23
0 24 23
0 24 23
0 24 23
0 23 22
0 20 19
0 20 19
0 18 17
0 18 17
0 18 17
0 18 17
0 19 18
0 19 18
0 19 18
0 19 18
0 19 18
0 19 18
0 18 17
0 17 16
1 19 18
0 19 18
0 19 18
0 19 18
0 19 18
0 19 18
0 19 18
0 18 17
0 20 19
0 20 19
0 20 19
0 21 20
0 20 19
0 19 18
1 19 18
0 20 19
0 20 19
0 20 19
0 20 19
0 20 19
1 20 19
0 18 17
0 19 18
0 22 21
0 24 23
1 23 22
0 24 23
0 25 24
0 25 24
0 25 24
0 25 24
0 25 24
0 23 22
0 22 21
0 23 22
0 24 23
0 23 22
0 23 22
0 23 22
0 24 23
0 23 22
0 23 22
0 23 22
0 23 22
0 23 22
0 23 22
0 23 22
1 22 21
0 23 22
0 24 23
0 25 24
0 26 25
0 25 24
0 26 25
0 27 26
0 27 26
0 26 25
0 24 23
0 25 24
0 23 22
0 22 21
0 22 21
0 22 21
0 22 21
0 22 21
0 22 21
0 21 20
0 20 19
0 20 19
0 20 19
0 18 17
0 18 17
0 15 14
0 15 14
1 14 13
0 15 14
0 15 14
1 16 15
0 17 16
0 17 16
0 18 17
0 18 17
0 17 16
0 14 13
0 14 13
0 14 13
0 14 13
1 14 13
0 14 13
0 15 14
0 15 14
0 15 14
0 15 14
0 14 13
1 13 12
0 14 13
0 14 13
0 14 12
0 14 12
0 14 12
0 14 12
0 14 12
0 14 12
0 13 11
0 16 14
0 16 15
0 17 15
0 18 16
0 20 18
0 21 19
0 21 19
0 22 20
0 22 20
1 22 20
0 23 21
0 23 21
0 23 21
0 22 20
0 25 23
1 21 20
0 23 22
0 23 22
0 24 23
0 24 23
0 24 23
0 24 23
0 24 23
0 24 23
0 23 22
0 27 26
0 25 24
2 23 22
0 25 24
0 26 25
0 27 26
0 27 26
0 27 26
0 27 26
0 27 26
0 27 26
0 25 24
0 26 25
0 22 21
0 22 21
0 24 23
1 23 22
0 24 23
0 24 23
0 24 23
0 24 23
0 25 24
0 25 24
0 24 23
0 23 22
0 20 19
0 18 17
0 19 18
0 20 19
0 22 21
0 22 21
0 23 22
0 23 22
1 23 22
0 23 22
0 22 21
0 20 19
0 21 20
0 20 19
0 19 18
0 19 18
0 19 18
0 19 18
0 19 18
0 20 19
0 20 19
0 20 19
0 17 16
0 16 15
0 15 14
0 14 13
0 16 15
0 17 16
0 17 16
0 17 16
0 17 16
0 17 16
0 18 17
0 18 17
0 18 17
0 17 16
0 16 15
0 15 14
0 15 14
0 15 14
1 16 15
0 17 16
0 17 16
0 18 17
0 18 17
0 18 17
0 19 18
0 20 19
0 20 19
0 19 18
0 18 17
0 19 18
0 19 18
0 19 18
0 19 18
0 19 18
0 20 19
0 20 19
0 20 19
0 20 19
0 20 19
0 21 20
0 21 20
0 22 21
0 22 21
0 21 20
0 22 21
0 22 21
0 22 21
0 23 22
0 21 20
0 25 24
0 24 23
0 25 24
0 27 26
0 28 27
0 28 27
0 28 27
0 29 28
0 29 28
0 29 28
0 29 28
1 29 28
0 26 25
0 26 25
0 24 23
0 23 22
0 23 22
0 23 22
0 22 21
0 24 23
0 24 23
0 24 23
0 24 23
0 25 24
0 25 24
0 21 20
0 21 20
0 21 20
0 22 21
0 22 21
0 23 22
0 23 22
0 23 22
0 23 22
0 23 22
0 22 21
0 21 20
0 21 20
0 20 19
0 21 20
0 22 21
0 24 23
0 24 23
0 24 23
0 24 23
0 24 23
0 24 23
0 25 24
0 25 24
1 23 22
0 24 23
0 24 23
0 23 22
0 22 21
0 20 19
0 20 19
0 20 19
0 20 19
0 19 19
0 18 18
0 18 17
0 18 17
0 19 18
0 19 18
0 21 20
0 20 19
0 20 19
0 20 19
0 20 19
0 20 19
0 20 19
0 16 15
0 17 16
0 19 18
1 19 18
0 20 19
0 22 21
0 22 21
0 22 21
0 23 22
0 23 22
0 23 22
0 23 22
0 21 20
0 21 20
0 21 20
0 18 17
0 18 17
1 18 17
0 18 17
0 19 18
0 19 18
0 19 18
0 19 18
0 19 18
0 19 18
0 17 16
0 17 16
0 17 16
1 17 16
0 17 16
0 17 16
0 17 16
0 17 16
0 18 17
0 18 17
1 18 17
0 19 18
0 19 18
0 20 19
0 20 19
0 20 19
0 21 20
0 21 20
0 21 20
0 21 20
0 21 20
0 22 21
0 22 21
0 23 22
0 24 23
0 24 23
0 23 22
0 23 22
0 21 20
0 21 20
0 22 21
0 22 21
0 22 21
0 22 21
0 22 21
0 21 20
0 20 19
0 19 18
0 17 16
1 17 16
0 19 18
0 20 19
1 21 20
0 21 20
0 23 21
0 23 21
0 23 21
0 23 21
0 24 22
0 24 22
0 24 22
0 24 22
0 24 22
0 24 22
0 24 22
0 24 22
0 24 22
0 25 23
0 24 22
0 23 21
0 24 22
1 24 22
0 25 23
0 22 20
0 23 21
0 23 21
0 24 22
0 25 23
0 25 23
0 25 23
0 25 23
0 25 23
0 21 19
0 19 17
0 18 17
0 19 18
0 20 19
0 21 20
0 21 20
0 22 21
0 22 21
0 22 21
0 22 21
0 22 21
0 21 20
0 19 18
1 18 17
0 19 18
0 19 18
0 19 18
0 19 18
0 20 19
0 20 19
0 20 19
0 20 19
0 21 20
0 21 20
0 19 18
0 19 18
0 20 19
0 22 21
0 22 21
0 21 20
0 21 20
0 23 21
0 24 22
0 24 22
0 23 21
0 21 19
0 21 19
0 21 19
0 22 20
0 24 22
0 23 21
0 24 22
0 24 22
0 24 22
0 24 22
0 24 22
0 25 23
0 25 23
0 23 21
0 26 24
0 26 24
1 23 21
1 24 22
0 25 23
0 25 23
0 25 23
0 25 23
0 25 23
0 24 22
0 24 22
0 23 22
0 25 23
0 25 23
0 26 24
0 28 26
0 28 26
0 28 26
0 28 26
0 28 26
0 28 26
0 26 24
0 26 24
0 23 21
0 27 25
0 25 24
0 25 24
0 25 24
0 25 24
0 24 23
0 24 23
0 24 23
0 24 23
0 24 23
0 23 22
0 23 22
0 25 24
0 25 24
0 25 24
0 26 25
0 26 25
0 26 25
0 27 26
1 26 25
0 26 25
1 26 25
0 28 27
0 26 25
1 27 26
1 28 27
0 28 27
0 26 25
0 26 25
0 27 26
0 27 26
0 27 26
1 27 26
0 28 27
0 28 27
0 25 24
0 24 23
0 24 23
0 24 23
0 24 23
0 24 23
0 25 24
0 25 24
0 25 24
0 24 23
0 23 22
0 24 23
0 23 22
0 25 24
0 26 25
0 27 26
0 27 26
0 27 26
0 28 27
0 29 28
0 29 28
0 29 28
0 28 27
0 26 25
0 24 23
0 23 22
0 24 23
0 25 24
0 26 25
0 27 26
0 29 28
0 29 28
0 29 28
0 29 28
0 27 26
0 24 23
0 26 25
0 26 26
0 26 26
0 27 27
0 26 26
0 26 26
0 27 27
0 27 27
0 26 26
0 26 26
0 25 25
0 26 26
1 25 25
1 24 24
0 24 24
0 25 25
0 25 25
0 25 25
0 25 25
0 25 25
0 26 26
0 27 27
0 26 26
0 27 27
0 26 26
1 26 26
0 26 26
0 25 25
0 25 25
0 25 25
0 25 25
0 25 25
0 25 25
0 25 25
0 25 25
0 23 23
0 20 20
0 19 19
0 19 19
0 21 21
0 21 21
0 22 22
0 23 23
0 23 23
0 24 24
0 24 24
0 24 24
0 23 23
0 22 22
0 21 21
0 21 21
1 21 21
0 23 23
0 23 23
0 24 24
0 24 24
0 24 24
0 25 25
0 23 23
0 23 23
0 21 21
0 19 19
0 18 18
0 18 18
0 18 18
0 19 19
0 19 19
0 19 19
0 19 19
0 20 20
0 20 20
0 20 20
0 20 20
0 22 22
0 23 23
0 24 24
0 24 24
0 25 25
0 25 25
0 25 25
0 25 25
0 26 26
0 24 24
0 22 22
0 22 22
0 19 19
0 19 19
0 20 20
0 20 20
0 20 20
0 20 20
0 20 20
0 20 20
0 21 21
1 20 20
0 18 18
0 18 18
0 19 19
0 19 19
0 18 18
0 18 18
0 19 19
0 19 19
0 19 19
0 20 20
0 20 20
0 19 18
0 20 19
0 20 19
0 23 22
0 21 20
0 24 23
0 24 23
0 24 23
0 26 25
0 26 25
0 26 25
0 26 25
0 25 24
0 22 22
0 20 20
0 20 20
0 19 19
0 21 21
0 21 21
0 21 21
0 21 21
0 20 20
0 20 20
0 21 21
0 21 21
0 20 20
0 20 20
0 19 19
0 19 19
0 20 20
0 20 20
0 21 21
0 22 21
0 22 21
0 22 21
0 22 21
0 23 22
0 24 23
0 24 23
0 26 25
0 27 26
0 27 26
0 27 26
0 27 26
0 27 26
0 27 26
0 28 27
0 28 27
0 26 25
1 24 23
0 26 25
0 27 26
0 25 24
0 25 25
0 25 25
0 25 25
0 25 25
0 26 26
0 25 25
0 26 26
0 25 25
0 24 24
0 23 23
0 23 23
0 23 23
0 26 26
1 26 26
0 25 25
0 25 25
1 26 26
0 27 27
0 26 26
1 26 26
0 26 26
0 28 28
0 28 28
0 27 27
0 27 27
0 27 27
0 27 27
0 28 28
0 28 28
0 29 29
0 29 29
0 29 29
0 29 29
0 27 27
0 24 24
0 26 26
0 26 26
0 27 27
0 26 26
0 26 26
0 27 27
0 27 27
0 28 28
0 27 27
0 24 24
0 20 20
0 20 20
0 19 19
0 19 19
0 19 19
1 19 19
0 20 20
0 20 20
0 21 21
0 21 21
0 21 21
0 22 22
0 23 23
0 23 23
2 23 23
0 24 24
0 25 25
0 25 25
0 26 26
0 26 26
0 25 25
0 25 25
1 25 25
0 25 25
0 26 26
0 27 27
0 28 28
0 28 28
0 28 28
0 28 28
0 28 28
0 28 28
0 28 28
0 27 27
0 26 26
0 26 26
0 25 25
0 26 26
0 27 27
0 28 28
0 29 29
0 29 29
0 29 29
0 29 29
0 28 28
0 28 28
0 28 28
0 27 27
1 26 26
0 25 25
0 27 27
1 27 27
0 27 27
0 27 27
0 27 27
0 26 26
0 26 26
0 26 26
1 26 26
0 27 27
0 26 26
0 28 28
0 29 29
0 26 26
0 26 26
0 27 27
0 27 27
0 27 27
0 27 27
0 28 28
0 26 26
0 27 27
0 26 26
0 26 26
0 26 26
0 24 24
0 24 24
1 24 24
0 24 24
0 24 24
0 24 24
0 24 24
0 23 23
0 23 23
0 23 23
0 22 22
0 20 20
0 19 19
0 19 19
0 19 19
0 19 19
1 19 19
0 19 19
0 19 19
0 19 19
0 19 19
0 20 20
0 19 19
0 19 19
1 19 19
0 20 20
0 20 20
0 20 20
0 20 20
0 20 20
0 20 20
0 22 22
0 22 22
0 22 22
0 23 23
0 22 22
1 21 21
0 21 21
0 22 22
0 22 22
0 22 22
0 22 22
0 22 22
0 23 23
0 22 22
0 22 22
0 21 21
0 21 21
0 22 22
0 22 22
0 22 22
0 22 22
0 22 22
0 22 22
0 22 22
0 21 21
0 22 22
0 20 20
0 18 18
1 18 18
0 20 20
0 19 19
1 19 19
0 19 19
0 19 19
0 19 19
0 19 19
0 19 19
0 21 21
1 19 19
0 17 17
0 18 18
0 19 19
0 20 20
0 20 20
0 20 20
0 20 20
0 22 22
0 22 22
0 21 21
0 21 21
0 19 19
0 20 20
0 19 19
0 23 23
0 24 24
0 24 24
0 24 24
0 24 24
0 25 25
0 24 24
0 24 24
0 22 22
0 20 20
0 17 17
0 15 15
0 15 15
0 15 15
0 15 15
0 15 15
0 15 15
0 16 16
0 16 16
0 16 16
0 13 13
0 12 12
0 12 12
0 13 13
0 13 13
0 14 14
1 15 15
1 16 16
0 16 16
1 16 16
0 17 17
0 16 16
0 16 16
0 15 15
0 16 16
0 15 15
0 15 15
0 15 15
0 18 18
0 19 19
0 19 19
0 19 19
0 19 19
0 17 17
0 19 19
0 18 18
1 17 17
0 20 20
1 19 19
0 20 20
0 20 20
0 20 20
0 20 20
0 20 20
0 20 20
0 20 20
1 22 22
1 21 21
0 22 22
0 23 23
0 23 23
0 23 23
0 24 24
0 24 24
0 24 24
0 24 24
0 25 25
0 24 24
0 21 21
0 22 22
0 21 21
0 22 22
0 21 21
0 22 22
0 23 23
0 23 23
1 23 23
0 23 23
0 24 24
0 23 23
0 21 21
0 23 23
0 20 20
0 19 19
1 21 21
0 22 22
0 22 22
0 22 22
0 22 22
0 22 22
0 21 21
0 21 21
0 19 19
0 18 18
0 16 16
1 16 16
0 16 16
1 16 16
0 18 18
0 19 19
1 19 19
0 21 21
0 22 22
0 22 22
0 21 21
0 20 20
0 19 19
0 19 19
0 19 19
0 19 19
0 19 19
0 19 19
0 19 19
0 19 19
0 19 19
0 18 18
0 20 20
2 20 20
0 21 21
0 22 22
0 24 24
0 25 25
0 25 25
0 26 26
0 26 26
0 26 26
0 27 26
0 26 25
0 23 22
0 24 23
0 24 23
0 25 24
1 24 23
0 25 24
0 25 24
0 26 25
0 27 26
0 27 26
0 27 26
0 26 25
0 24 23
0 25 24
0 22 21
0 22 21
0 21 20
0 21 20
0 21 20
0 21 20
0 22 21
0 22 21
0 23 22
0 23 22
0 22 21
0 23 22
0 24 23
0 25 24
0 24 23
0 25 23
0 25 23
0 25 23
0 25 23
0 25 23
0 24 22
0 24 22
1 24 22
0 22 21
0 20 19
0 22 21
1 24 23
0 25 24
0 25 24
0 25 24
0 25 24
0 25 24
0 25 24
1 25 24
0 26 25
0 23 22
0 21 20
0 21 20
0 22 21
1 22 21
0 21 20
0 22 21
0 23 22
0 23 22
0 23 22
0 20 19
0 18 17
0 17 16
0 18 17
0 20 19
0 21 20
0 22 21
0 22 21
0 22 21
0 22 21
0 22 21
0 23 22
0 23 22
0 21 20
0 20 19
0 22 21
0 22 21
0 23 22
0 23 22
0 25 24
0 26 25
0 27 26
0 27 26
0 27 26
0 25 24
0 26 25
0 23 23
0 22 22
0 23 23
0 25 25
0 24 24
0 24 24
0 25 25
0 26 26
0 26 26
0 25 25
0 26 26
0 25 25
0 24 24
0 23 23
0 20 20
0 24 24
0 24 24
1 24 24
0 24 24
0 24 24
0 25 25
0 25 25
0 25 25
0 25 25
0 24 24
0 23 23
0 25 25
0 26 26
0 26 26
0 26 26
0 26 26
0 26 26
0 26 26
0 26 26
0 24 24
0 22 22
0 22 22
1 21 21
0 21 21
0 24 24
0 24 24
0 24 24
0 24 24
0 24 24
0 24 24
0 24 24
0 23 23
0 20 20
0 22 22
0 21 21
0 20 20
1 20 20
1 21 21
0 22 22
0 22 22
0 22 22
0 22 22
0 22 22
0 22 22
0 20 20
0 21 21
0 21 21
1 20 20
0 22 22
1 22 22
0 23 23
0 24 24
0 24 24
0 24 24
0 24 24
0 23 23
0 24 24
0 25 25
0 23 23
0 24 24
0 23 23
0 23 23
0 24 24
0 24 24
0 24 24
0 23 23
0 22 22
0 23 23
0 25 25
0 23 23
0 24 24
0 25 25
0 27 27
0 27 27
0 27 27
0 27 27
0 27 27
0 26 26
0 26 26
0 26 26
0 24 24
1 23 23
0 24 24
0 23 23
0 25 25
0 24 24
0 25 25
0 25 25
0 26 26
0 25 25
0 26 26
0 26 26
0 24 24
0 25 25
0 24 24
0 25 25
0 24 24
1 24 24
0 25 25
0 25 25
0 25 25
0 26 26
0 25 25
0 26 26
0 25 25
0 25 25
0 23 23
0 22 22
0 22 22
0 24 24
0 24 24
0 24 24
0 24 24
0 24 24
0 23 23
0 24 24
0 25 25
0 23 23
0 23 23
0 19 19
0 19 19
1 19 19
0 22 22
0 22 22
0 22 22
0 22 22
0 22 22
0 23 23
0 20 20
0 22 22
0 21 21
0 20 20
0 20 20
0 20 20
0 21 21
0 22 22
0 22 22
0 22 22
0 23 23
0 22 22
0 23 23
0 23 23
1 25 25
0 26 26
0 25 25
0 26 26
0 24 24
0 24 24
0 25 25
0 25 25
0 25 25
0 24 24
0 24 24
0 24 24
0 24 24
0 25 25
0 24 24
0 24 24
0 25 25
0 24 24
0 24 24
0 24 24
0 24 24
0 25 24
0 28 26
0 27 25
0 26 24
0 26 24
0 26 24
0 27 25
0 26 24
0 26 24
1 26 24
0 26 24
0 25 23
0 26 24
0 27 25
0 26 24
0 24 22
0 25 23
0 25 23
0 26 24
1 26 24
0 27 25
1 27 25
0 28 26
0 28 26
0 27 25
0 29 27
0 28 26
0 27 26
1 28 27
0 30 29
0 30 29
0 30 29
0 30 29
0 30 29
0 30 29
0 30 29
0 30 29
0 30 29
0 30 29
0 29 28
0 28 27
0 28 27
1 28 27
0 29 28
0 29 28
0 29 28
0 29 28
0 29 28
0 29 28
0 29 28
0 29 28
0 25 25
0 23 23
0 24 24
0 23 23
0 23 23
0 23 23
0 24 24
0 25 25
0 26 26
0 25 25
0 25 25
0 20 20
0 19 19
0 17 17
0 17 17
0 17 17
0 17 17
0 17 17
0 17 17
0 17 17
0 18 18
0 17 17
0 20 20
0 20 20
0 19 19
0 21 21
0 21 21
0 21 21
0 21 21
0 21 21
0 20 20
0 20 20
0 20 20
0 20 20
0 21 21
0 23 23
1 22 22
0 24 24
0 25 25
0 25 25
0 25 25
0 25 25
0 25 25
0 25 25
0 24 24
0 24 24
0 22 22
0 19 19
0 20 20
0 21 21
0 21 21
0 20 20
0 20 20
0 20 20
0 20 20
0 21 21
0 21 21
0 23 23
1 20 20
0 20 20
1 18 18
1 19 19
0 20 20
0 20 20
0 20 20
0 20 20
0 20 20
0 20 20
0 21 21
0 21 21
0 22 22
0 22 22
0 20 20
0 19 19
0 19 19
0 19 19
1 19 19
0 20 20
0 20 20
0 20 20
0 20 20
0 20 20
0 19 19
0 17 17
1 16 16
0 15 15
0 15 15
0 15 15
0 15 15
0 15 15
0 15 15
0 16 16
0 16 16
0 16 16
0 14 14
0 16 16
0 17 17
0 18 18
0 18 18
1 18 18
0 19 19
0 19 19
0 19 19
0 19 19
0 19 19
0 20 20
0 21 21
1 19 19
0 20 20
0 20 20
0 21 21
0 23 23
0 23 23
1 23 23
0 24 24
0 24 24
0 24 24
0 25 25
0 24 24
0 23 23
0 24 24
0 27 27
0 26 26
0 27 27
0 27 27
0 27 27
0 27 27
0 27 27
0 27 27
0 27 27
1 25 25
0 26 26
0 26 26
0 26 25
0 25 24
0 26 25
0 26 25
0 27 26
0 27 26
0 27 26
0 26 25
0 27 26
0 27 26
0 27 26
0 26 25
0 26 25
0 26 25
0 25 25
0 25 25
0 25 25
0 25 25
0 25 25
0 25 25
0 25 25
0 23 23
0 22 22
0 22 22
0 22 22
0 22 22
0 22 22
0 23 23
0 23 23
0 23 23
0 23 23
0 23 23
0 22 22
0 22 22
0 22 22
0 22 22
0 22 22
0 22 22
0 22 22
1 22 22
1 22 22
1 22 22
0 23 23
0 23 23
0 23 23
0 23 23
0 22 22
0 22 22
0 23 23
0 22 22
0 22 22
0 22 22
0 23 23
0 23 23
0 23 23
0 22 22
0 24 24
0 23 22
0 24 23
1 22 21
0 23 22
0 24 23
0 24 23
0 24 23
0 24 23
0 24 23
0 23 22
0 23 22
0 24 23
0 24 23
0 23 22
0 22 21
0 23 22
0 24 23
0 25 24
0 24 23
0 25 23
0 25 23
0 26 24
0 27 25
0 25 23
0 26 24
0 25 23
0 23 22
1 24 23
1 25 24
0 24 23
0 24 23
0 24 23
0 24 23
0 24 23
0 24 23
0 27 26
0 26 25
0 27 26
0 29 28
1 27 26
0 27 26
0 27 26
0 28 27
0 28 27
0 28 27
0 28 27
0 28 27
0 29 28
0 29 28
0 26 25
0 25 24
1 24 23
0 23 22
0 24 23
0 24 23
0 24 23
0 24 23
1 24 23
0 25 24
0 25 24
0 24 23
0 22 21
0 23 22
0 23 22
0 24 23
0 26 25
0 26 25
0 26 25
0 26 25
0 26 25
0 26 25
0 27 26
0 27 26
0 25 24
0 25 24
0 25 24
1 25 24
0 25 24
0 25 24
0 25 24
0 25 24
0 25 24
0 25 24
0 24 23
1 26 25
0 27 26
0 24 23
1 24 23
0 23 22
0 23 22
0 23 22
0 23 22
0 23 22
0 23 22
0 23 22
0 21 20
0 21 20
0 21 20
0 19 18
0 19 18
0 18 17
0 18 17
0 18 17
0 19 18
0 19 18
0 19 18
0 18 17
0 18 17
0 18 17
0 17 16
1 19 18
0 20 19
0 20 19
0 20 19
0 20 19
0 20 19
0 20 19
0 20 19
0 20 19
0 19 18
0 20 19
0 18 17
0 19 18
0 20 19
0 21 20
0 21 20
0 20 19
0 22 20
0 22 20
0 22 20
0 22 20
0 22 20
0 22 20
0 18 16
1 18 16
0 19 17
1 17 15
0 17 15
0 17 15
0 17 15
0 17 15
0 18 16
0 19 17
0 20 18
0 19 17
0 19 17
0 20 18
0 19 17
0 19 17
0 20 18
0 20 18
0 21 19
0 21 19
0 21 19
0 22 20
0 22 20
0 23 21
0 23 21
0 20 18
1 20 18
0 20 18
0 21 19
0 21 19
0 21 19
0 21 19
0 21 19
0 22 20
0 20 18
0 19 17
0 20 18
0 19 17
0 17 15
0 16 14
0 16 14
0 16 14
0 16 14
0 16 14
0 16 14
0 16 14
0 16 14
0 17 15
0 18 16
0 18 16
0 21 19
0 21 19
0 21 19
0 21 19
0 22 20
0 22 20
0 22 20
0 22 20
0 21 19
0 23 21
0 24 22
0 25 23
0 25 23
0 24 22
0 24 22
0 24 22
0 25 23
1 25 23
0 25 23
1 24 22
0 26 24
0 25 23
1 24 22
0 25 23
0 27 25
1 28 26
0 29 27
0 28 26
0 28 26
0 28 26
0 28 26
0 28 26
1 27 25
0 26 24
0 24 22
0 23 21
0 22 20
0 21 19
0 22 20
1 22 20
1 23 21
0 23 21
0 23 21
0 23 21
0 23 21
1 23 21
0 24 22
0 24 22
0 26 24
0 24 22
0 25 23
0 26 24
0 26 24
0 26 24
0 26 24
1 27 25
0 28 26
0 27 26
0 26 25
0 26 25
0 27 26
0 27 26
0 27 26
1 27 26
0 27 26
0 27 26
0 27 26
0 25 24
0 25 24
0 25 24
0 28 27
0 27 26
0 28 27
0 30 29
0 30 29
0 29 28
0 29 28
0 29 28
0 29 28
0 29 28
0 28 27
0 28 27
0 25 24
0 26 25
0 27 26
0 26 25
0 27 26
0 27 26
0 27 26
0 27 26
0 27 26
0 27 26
0 26 25
0 27 26
0 26 25
0 28 27
0 29 28
0 29 28
0 30 29
0 30 29
0 30 29
0 30 29
0 29 28
0 29 28
0 28 27
0 26 25
0 27 26
0 28 27
0 27 26
0 27 26
0 27 26
0 28 27
0 28 27
1 28 27
0 28 27
0 27 26
0 24 23
0 25 24
0 23 22
0 25 24
0 26 25
0 26 25
1 26 25
1 26 25
0 27 26
0 28 27
0 28 27
0 28 27
0 27 26
0 26 25
0 26 25
0 25 24
0 23 22
0 24 23
1 25 24
1 25 24
0 25 24
0 26 25
0 26 25
0 26 25
0 27 26
1 25 24
0 23 22
0 23 22
0 23 22
0 24 23
0 26 25
1 26 25
0 27 26
0 27 26
0 28 27
0 28 27
0 28 27
0 28 27
0 29 28
0 29 28
0 28 27
0 28 27
0 27 26
0 27 26
1 27 26
0 28 27
0 28 27
0 28 27
0 27 26
0 27 26
0 26 25
0 26 25
0 25 24
0 26 25
0 28 27
0 27 26
0 27 26
0 27 26
0 27 26
0 27 26
0 26 25
0 25 24
0 26 25
0 25 24
0 25 24
0 23 22
0 23 22
0 23 22
0 23 22
0 24 23
0 24 23
0 24 23
0 24 23
0 21 20
0 23 22
1 22 21
0 24 23
0 24 23
0 24 23
0 25 24
0 25 24
0 25 24
0 25 24
0 25 24
0 26 25
0 23 22
0 21 20
0 20 19
0 18 17
0 18 17
0 20 19
0 20 19
0 20 19
0 21 20
0 21 20
0 21 20
0 20 19
0 20 19
0 22 21
0 18 17
0 17 16
0 17 16
0 16 15
0 15 14
0 15 14
0 16 15
1 17 16
0 17 16
0 18 17
0 20 19
0 19 18
0 20 19
1 17 16
0 20 19
0 21 20
1 22 21
0 23 22
0 23 22
0 25 24
0 26 25
0 26 25
0 26 25
0 24 23
0 26 25
0 27 26
0 27 26
0 27 26
0 27 26
0 27 26
0 27 26
0 27 26
0 26 25
0 25 24
0 24 23
0 24 23
0 23 22
0 25 24
0 26 25
0 26 25
0 26 25
0 26 25
0 26 25
0 26 25
0 26 25
1 26 25
0 25 24
0 26 25
0 23 22
0 23 22
0 23 22
0 24 23
0 25 24
0 25 24
0 25 24
0 25 24
0 25 24
0 25 24
0 23 22
0 23 22
0 23 22
0 22 21
0 23 22
0 22 21
0 23 22
0 23 22
0 23 22
0 23 22
0 23 22
0 22 21
0 24 23
0 23 22
0 22 21
1 22 21
0 22 21
0 22 21
0 23 22
0 23 22
0 23 22
0 24 23
0 24 23
0 24 23
1 24 23
0 23 22
0 22 21
0 21 20
0 20 19
0 21 20
0 21 20
0 22 21
0 22 21
0 22 21
1 22 21
0 22 21
0 25 24
0 25 24
0 25 24
0 25 24
0 25 24
1 25 24
0 26 25
0 26 25
0 26 25
0 26 25
0 25 24
0 25 24
0 23 22
0 21 20
0 21 20
0 22 21
0 22 21
0 22 21
0 22 21
0 22 21
0 22 21
0 22 21
0 22 21
0 23 22
0 23 22
0 20 19
0 22 21
0 22 21
0 21 20
0 20 19
0 21 20
0 21 20
0 21 20
0 21 20
0 21 20
0 21 20
1 22 21
0 19 18
0 20 19
0 22 21
0 23 22
0 23 22
0 24 23
0 24 23
0 25 24
0 25 24
0 25 24
0 24 23
0 24 23
0 22 21
0 23 22
0 25 24
0 25 24
0 25 24
0 23 22
0 25 24
0 26 25
0 26 25
0 26 25
0 26 25
0 24 23
0 22 21
1 22 21
0 21 20
0 22 21
0 21 20
1 21 20
0 21 20
0 20 19
0 20 19
0 19 18
0 20 19
0 19 18
0 18 17
0 18 17
0 18 17
0 19 18
0 19 18
0 19 18
1 20 19
0 21 20
0 21 20
0 21 20
0 21 20
0 20 19
0 19 18
0 19 18
0 20 19
0 19 18
0 19 18
0 19 18
0 19 18
1 19 18
0 19 18
0 20 19
0 20 19
0 19 18
0 19 18
0 20 19
1 23 22
0 23 22
0 23 22
0 23 22
0 23 22
0 23 22
0 23 22
0 25 24
0 23 22
0 24 23
1 24 23
0 23 22
0 25 24
0 27 26
0 27 26
0 26 25
0 27 26
1 27 26
0 28 27
0 27 26
0 26 25
0 25 24
0 24 23
0 23 22
0 25 24
0 25 24
0 24 23
0 26 25
0 27 26
0 27 26
0 27 26
0 27 26
0 26 25
0 27 26
0 26 25
0 25 24
0 29 28
0 28 27
0 28 27
0 28 27
0 28 27
0 28 27
0 28 27
0 28 27
1 28 27
1 29 28
0 25 24
0 25 24
0 24 23
0 24 23
0 24 23
0 25 24
0 25 24
0 26 25
0 27 26
0 27 26
0 27 26
0 26 25
0 24 23
0 21 20
0 21 20
0 21 20
1 22 21
0 24 23
0 24 23
0 25 24
0 25 24
0 25 24
0 25 24
0 23 22
0 25 24
0 25 24
0 23 22
0 24 23
0 26 25
0 26 25
0 26 25
0 27 26
0 27 26
0 26 25
0 24 23
0 26 25
0 25 24
0 23 22
0 23 23
0 24 24
0 24 24
0 22 22
0 22 22
0 23 23
0 23 23
0 23 23
0 23 23
1 20 20
0 22 22
0 25 25
0 24 24
0 24 24
0 25 25
0 26 26
0 25 25
0 26 26
0 26 26
0 26 26
0 23 23
0 23 23
0 23 23
0 23 23
1 23 23
0 24 24
0 23 23
0 22 22
0 22 22
0 22 22
0 21 21
0 22 22
0 23 23
0 25 25
1 23 23
1 23 23
0 23 23
0 22 22
0 21 21
0 23 23
0 23 23
0 23 23
0 23 23
0 23 23
0 24 24
0 24 24
0 22 22
0 20 20
0 20 20
0 21 21
1 20 20
1 22 22
0 23 23
0 23 23
0 23 23
0 23 23
0 23 23
0 22 22
0 20 20
0 17 17
0 16 16
0 16 16
1 16 16
0 17 17
0 17 17
0 17 17
0 17 17
0 17 17
0 18 18
0 18 18
0 17 17
0 16 16
0 15 15
0 15 15
0 14 14
0 14 14
0 14 14
0 14 14
0 14 14
0 14 14
0 15 15
0 17 17
0 17 17
0 17 17
0 18 18
0 19 19
0 21 21
0 22 22
0 22 22
0 23 23
0 23 23
0 23 23
0 23 23
0 22 22
0 20 20
0 18 18
0 19 19
0 19 19
1 19 19
0 20 20
0 20 20
0 19 19
0 19 19
0 19 19
0 20 20
0 20 20
0 18 18
1 17 17
0 18 18
0 19 19
0 19 19
0 19 19
0 19 19
0 19 19
0 19 19
0 19 19
0 17 17
0 19 19
0 16 16
0 14 14
0 15 14
0 17 16
0 17 16
0 17 16
0 17 16
0 17 16
0 17 16
0 17 16
0 16 15
0 14 13
0 11 10
0 12 11
0 10 9
0 10 9
0 10 9
1 10 9
1 10 9
0 12 11
0 13 12
0 12 11
0 13 12
1 12 11
0 9 8
0 12 11
0 12 11
0 12 11
0 13 12
0 12 11
0 12 11
0 12 11
0 12 11
0 12 11
0 13 12
0 14 13
0 15 14
0 15 14
0 15 14
0 17 16
0 17 16
0 16 15
0 17 16
0 17 16
0 16 15
0 16 15
0 17 16
0 16 16
0 16 16
0 19 19
0 18 18
0 19 19
0 19 19
0 20 20
1 20 20
0 20 20
0 20 20
0 20 20
0 19 19
0 20 20
0 21 21
0 21 21
0 24 24
0 25 24
1 26 25
0 27 26
0 27 26
0 28 27
0 29 28
0 29 28
0 25 24
0 27 26
0 25 24
0 24 23
0 23 22
0 22 21
0 21 20
0 21 20
0 21 20
0 20 19
0 20 19
0 20 19
0 21 20
0 22 21
0 23 22
0 22 21
0 23 22
0 24 23
1 22 21
0 24 23
0 24 23
0 25 24
0 24 23
0 22 21
0 25 24
0 20 19
0 20 19
0 20 19
0 18 17
0 17 16
0 17 16
0 18 17
0 18 17
0 18 17
0 18 17
0 18 17
0 15 14
0 16 15
0 14 14
0 11 11
0 10 10
0 11 11
0 11 11
1 12 12
0 14 14
0 14 14
1 14 14
0 15 15
0 15 15
0 16 16
0 16 16
0 16 16
0 17 17
0 18 18
0 18 18
1 18 18
0 19 19
0 19 19
0 21 21
0 21 21
0 21 21
0 19 19
0 15 15
0 15 15
0 14 14
1 12 12
0 14 14
1 14 14
0 13 13
0 13 13
0 13 13
0 13 13
0 13 13
1 15 15
0 15 15
0 15 15
1 15 15
0 14 14
0 14 14
0 14 14
0 14 14
0 14 14
0 14 14
0 15 15
0 15 15
0 19 19
1 21 21
0 19 19
0 17 16
0 17 16
0 19 18
0 19 18
0 20 19
0 22 21
0 23 22
0 23 22
0 25 24
0 26 25
0 22 22
0 22 22
0 24 24
0 25 25
0 25 25
0 25 25
0 25 25
0 25 25
0 25 25
0 24 24
0 24 24
0 20 20
0 16 16
0 15 15
0 16 16
0 16 16
0 16 16
0 16 16
0 16 16
0 16 16
0 16 16
0 17 16
0 16 15
0 14 13
0 15 14
0 15 14
0 14 13
0 14 13
0 15 14
1 15 14
0 16 15
0 16 15
0 16 15
0 17 16
0 15 15
0 18 18
0 17 17
0 16 16
0 18 18
0 19 19
0 18 18
0 18 18
0 19 19
2 19 19
0 21 21
0 21 21
0 21 21
0 23 23
0 21 21
0 22 22
0 24 24
0 25 25
0 26 25
0 26 25
0 26 25
0 26 25
0 26 25
0 26 25
0 26 25
0 23 22
0 23 22
1 24 23
0 24 23
0 21 20
0 21 20
0 21 20
0 21 20
0 21 20
0 21 20
1 21 20
0 22 21
0 20 19
0 19 18
0 18 17
0 22 21
0 23 22
0 26 25
0 26 25
0 26 25
0 28 27
0 27 26
0 27 26
0 27 27
0 27 26
0 23 22
1 25 24
0 27 26
0 26 25
0 26 25
0 26 25
0 26 25
0 26 25
0 26 25
0 25 24
0 25 24
0 24 23
0 24 23
0 25 24
0 22 21
0 19 18
0 19 18
0 19 18
0 19 18
0 20 19
0 20 19
0 21 20
0 21 20
0 18 17
0 16 15
0 15 14
0 13 12
0 13 12
0 13 12
0 14 13
0 15 14
0 15 14
0 15 14
0 15 14
0 16 15
0 16 15
0 18 17
0 18 17
0 20 19
1 21 20
0 22 21
0 22 21
0 23 22
0 23 22
0 22 21
0 20 19
0 20 19
0 18 17
0 18 17
0 17 15
0 15 13
0 17 15
0 17 15
0 18 16
0 18 16
0 18 16
0 18 16
0 18 16
0 18 16
0 18 17
0 17 16
1 16 16
0 18 17
0 19 18
0 19 18
0 19 18
0 20 19
0 21 20
0 21 20
0 22 21
0 21 21
0 22 21
0 21 20
0 21 21
0 22 22
0 23 23
0 24 24
0 24 24
0 24 24
0 24 24
0 24 24
0 23 23
0 22 22
0 21 21
0 21 21
0 20 20
0 18 18
0 18 18
1 19 19
0 20 19
0 20 19
0 20 19
0 20 19
0 20 19
0 21 20
0 21 20
0 20 19
0 19 18
0 18 17
0 16 15
0 16 15
0 16 15
0 16 15
0 16 15
0 16 15
0 15 14
0 15 14
0 15 14
1 15 14
1 17 16
1 15 14
0 16 15
0 16 15
0 16 15
0 17 16
0 17 16
0 17 16
0 17 16
0 18 17
0 18 17
0 19 18
0 19 18
0 21 20
1 21 20
0 23 22
0 24 23
0 25 24
0 25 24
0 25 24
0 25 24
0 23 22
0 23 22
0 23 22
0 23 22
0 23 22
0 24 23
0 24 23
0 25 24
0 25 24
0 25 24
0 25 24
1 25 24
0 26 25
0 28 27
0 26 25
0 25 24
0 24 23
0 24 23
0 24 23
0 24 23
0 25 24
0 25 24
0 26 25
0 26 25
1 27 26
0 28 27
0 29 28
0 27 26
0 28 27
0 28 27
0 26 25
0 26 25
0 26 25
0 26 25
1 28 27
0 27 26
0 24 23
0 28 27
1 28 27
0 26 25
1 24 23
0 26 25
0 25 24
0 25 24
0 26 25
1 26 25
0 26 25
0 25 24
0 24 23
0 23 22
0 23 22
1 23 22
0 23 22
0 23 22
0 23 22
1 22 22
0 24 24
0 26 26
0 27 27
0 26 26
0 25 25
1 24 24
0 23 23
0 24 24
0 23 23
0 24 24
1 24 24
1 24 24
0 26 26
0 27 27
0 26 26
0 25 25
0 22 22
0 19 19
0 21 21
0 20 20
0 19 19
0 19 19
0 19 19
0 22 22
0 22 22
0 22 22
0 22 22
0 22 22
0 23 23
0 21 21
0 24 24
0 21 21
0 21 21
0 21 21
0 21 21
0 22 22
0 22 22
0 22 22
0 20 20
0 21 21
0 22 22
0 21 21
1 21 21
1 23 22
0 23 22
0 23 22
0 22 21
0 23 22
0 23 22
0 23 22
0 23 22
1 24 23
1 24 23
0 25 24
1 25 24
0 27 26
0 24 24
0 23 23
0 25 24
0 26 25
0 26 25
0 26 25
0 27 26
0 27 26
0 27 26
0 27 26
1 24 23
0 28 27
0 27 26
0 25 24
0 26 25
0 25 24
0 25 24
0 25 24
0 25 24
0 23 22
0 23 22
1 23 22
0 25 24
0 26 25
0 27 26
0 27 26
0 28 27
0 28 27
0 28 27
0 28 27
0 29 28
0 29 28
0 27 26
0 27 26
0 23 22
1 22 21
1 21 20
0 20 19
0 20 19
0 20 19
0 20 19
0 20 19
0 20 19
0 20 19
1 21 20
0 21 20
1 21 20
0 20 19
0 23 22
0 23 22
0 21 20
0 22 21
0 23 22
0 24 23
0 24 23
0 25 24
0 24 23
0 24 23
0 23 22
0 21 20
0 22 21
0 24 23
0 23 22
0 25 24
0 25 24
0 25 24
0 25 24
0 26 25
0 26 25
0 27 26
0 23 22
0 24 23
0 25 24
0 25 24
1 24 23
0 26 25
0 26 25
0 26 25
0 26 25
0 25 24
0 26 25
0 23 22
0 22 21
0 19 18
1 20 19
0 20 19
0 20 19
1 20 19
0 22 21
0 22 21
1 23 22
1 23 22
1 22 21
0 24 23
0 23 22
0 25 24
0 24 23
2 26 25
0 26 25
0 27 26
0 27 26
1 27 26
0 27 26
0 27 26
0 27 26
0 27 26
0 28 27
0 26 25
0 25 24
0 25 24
0 25 24
0 25 24
0 25 24
0 26 25
0 26 25
0 26 25
0 25 24
2 25 24
0 26 25
0 26 25
0 26 25
0 26 25
0 26 25
0 26 25
0 26 25
0 26 25
0 26 25
0 25 24
0 27 26
0 28 27
0 28 27
0 27 26
0 28 27
0 27 26
0 27 26
0 26 25
0 26 25
0 26 25
0 26 25
0 25 24
0 25 24
0 26 25
0 24 23
0 24 23
0 26 24
0 26 24
0 28 26
0 28 26
0 29 27
0 29 27
0 29 27
0 30 28
0 30 28
0 29 27
0 29 27
0 29 27
0 29 27
0 30 28
0 30 28
0 29 27
0 30 28
0 31 29
0 31 29
0 31 29
0 29 28
0 30 28
1 29 27
0 25 23
0 26 24
0 28 26
0 28 26
0 28 26
0 29 27
0 29 27
0 29 27
0 29 27
0 27 26
0 29 28
0 25 24
0 25 24
0 26 25
0 26 25
0 26 25
0 26 25
0 26 25
0 26 25
0 26 25
0 26 25
0 25 25
0 26 25
0 23 22
0 22 21
0 22 21
1 23 22
0 23 22
0 23 22
0 23 22
0 23 22
0 23 22
0 23 22
0 23 22
0 22 21
0 20 19
1 20 19
0 21 20
0 21 20
0 21 20
0 21 20
0 21 20
0 21 20
0 21 20
0 21 20
0 21 20
0 22 21
0 23 22
0 22 21
1 22 21
0 23 22
0 23 22
0 23 22
0 24 23
0 26 25
0 25 24
0 24 23
0 24 23
0 22 21
0 22 21
0 23 22
0 22 21
0 23 22
0 24 23
0 24 23
0 24 23
0 24 23
0 24 23
0 25 24
0 26 25
0 25 24
0 25 24
0 24 23
0 26 25
0 26 25
0 27 26
0 26 25
0 26 25
0 27 26
0 26 25
0 27 26
0 26 25
0 26 25
0 23 22
0 21 20
0 20 19
0 22 21
0 22 21
0 22 21
0 23 22
0 23 22
0 24 23
0 25 24
0 25 24
0 26 25
0 26 25
0 23 22
1 21 20
0 20 19
1 20 19
0 21 20
0 20 19
0 20 19
0 20 19
1 20 19
1 19 18
0 21 20
1 18 17
1 17 16
0 19 18
0 20 19
1 20 19
0 20 19
0 20 19
0 20 19
0 21 20
0 21 20
0 20 19
0 21 20
0 19 18
0 19 18
0 19 18
0 20 19
0 20 19
0 22 21
0 23 22
0 23 22
0 23 22
1 23 22
0 24 23
0 23 22
0 21 21
0 23 22
0 22 21
0 23 22
0 25 24
0 25 24
0 25 24
0 25 24
0 25 24
1 25 24
2 23 22
1 26 25
0 25 24
0 25 24
0 28 27
0 28 27
0 27 26
0 27 26
0 27 26
0 28 27
0 28 27
0 28 27
0 27 26
0 28 27
0 27 26
0 27 26
0 27 26
1 27 26
0 27 26
0 27 26
0 27 26
0 28 27
0 28 27
0 28 27
0 29 28
0 28 27
0 27 26
0 26 25
0 25 24
0 28 27
0 28 27
0 28 27
0 28 27
0 28 27
0 28 27
0 28 27
0 29 28
0 27 26
0 26 25
0 26 25
0 26 25
0 25 24
0 25 24
0 26 25
0 26 25
0 28 26
0 29 27
0 29 27
0 28 26
0 29 27
0 28 26
0 26 24
0 25 23
0 24 22
0 24 22
0 24 22
0 24 22
0 24 22
1 24 22
0 25 23
0 23 21
0 24 22
0 24 22
0 24 22
0 22 20
0 22 20
0 21 19
1 21 19
0 22 20
0 22 20
0 22 20
0 22 20
0 22 20
0 22 20
0 24 22
0 24 22
0 25 23
0 26 24
0 26 24
0 26 24
2 26 24
0 27 25
0 27 25
0 28 26
0 25 23
0 25 23
0 25 23
0 26 24
0 25 23
0 26 24
1 26 24
0 26 24
0 26 24
0 26 24
0 26 24
0 27 25
0 27 25
0 26 24
0 25 23
0 24 22
0 22 20
0 25 23
0 25 23
0 25 23
0 25 23
0 25 23
0 25 23
0 27 25
0 25 23
0 25 23
0 25 23
0 27 25
0 26 24
0 27 25
0 28 26
0 27 25
0 27 25
0 27 25
0 27 25
1 26 24
0 27 25
0 28 26
0 23 21
0 25 23
0 26 24
0 25 23
0 26 24
0 27 25
0 28 26
0 28 26
0 28 26
0 28 26
1 26 24
0 27 25
0 26 24
0 25 23
0 24 22
0 23 22
0 23 22
1 23 22
0 24 23
0 24 23
0 24 23
0 24 23
0 22 21
0 23 22
0 24 23
0 22 21
0 21 20
0 23 22
0 23 22
1 23 22
0 23 22
0 22 21
0 22 21
0 21 20
0 21 20
0 23 22
0 24 23
0 25 24
0 25 24
0 27 26
0 25 24
0 26 25
0 27 26
0 27 26
0 27 26
0 25 24
1 22 21
0 24 23
0 25 24
0 26 25
0 27 26
0 28 27
0 28 27
0 28 27
0 28 28
0 28 28
0 28 28
0 28 28
0 28 28
0 27 27
0 27 27
0 26 26
0 27 27
0 28 28
0 27 27
0 27 27
0 27 27
0 27 27
0 27 27
0 26 26
0 24 24
0 24 24
0 21 21
0 24 24
0 24 24
0 26 26
0 27 27
0 27 27
0 26 26
0 27 27
0 27 27
0 27 27
1 26 26
1 26 26
0 27 27
0 26 26
0 27 27
0 26 26
1 27 27
0 27 27
0 27 27
0 27 27
0 27 27
0 29 29
0 29 29
0 29 29
0 26 26
1 22 22
0 25 25
1 23 23
0 24 24
0 23 23
0 23 23
0 23 23
0 24 24
0 23 23
0 23 23
0 22 22
0 21 21
0 21 21
0 22 22
2 23 23
0 24 24
0 24 24
0 24 24
0 25 25
0 24 24
0 24 24
0 21 21
0 22 22
0 23 23
0 23 23
0 25 25
0 26 26
0 28 28
0 28 28
0 27 27
0 27 27
0 27 27
0 27 27
0 27 27
0 25 25
0 26 26
0 26 26
1 26 26
1 27 27
0 27 27
0 28 28
0 28 28
0 28 28
0 28 28
0 28 28
1 27 27
0 26 26
0 25 25
0 25 25
0 23 23
0 24 24
0 24 24
0 23 23
0 24 24
0 24 24
0 26 26
0 26 26
0 27 27
0 26 26
0 24 24
0 25 25
0 25 25
0 25 25
0 25 25
1 25 25
0 25 25
0 25 25
0 25 25
0 25 25
0 26 26
1 23 23
0 22 22
0 22 22
0 21 21
0 22 22
0 22 22
0 23 23
0 23 23
0 23 23
0 22 22
0 22 22
0 21 21
0 23 23
0 21 21
0 22 22
0 21 21
0 21 21
0 21 21
0 21 21
0 21 21
0 21 21
0 22 21
0 23 22
0 22 21
0 20 19
0 22 21
0 22 21
0 20 20
0 22 22
1 23 23
0 24 24
0 24 24
0 24 24
0 24 24
0 24 24
0 23 23
0 23 23
0 21 21
0 17 17
0 17 17
0 18 18
0 19 19
0 19 19
0 19 19
0 20 20
1 20 20
0 22 22
0 23 23
0 22 22
0 22 22
0 20 20
0 22 22
0 23 23
0 23 23
0 24 24
0 24 24
0 24 24
0 24 24
0 24 24
0 27 27
1 25 25
1 25 25
0 25 25
0 24 24
1 25 25
0 25 25
1 25 25
0 26 26
0 26 26
1 26 26
0 28 28
0 27 27
0 27 27
0 24 24
0 24 24
0 24 24
0 24 24
0 24 24
0 25 25
1 25 25
1 24 24
0 24 24
0 24 24
0 24 24
0 24 24
0 24 24
0 24 24
0 23 23
0 24 24
0 24 24
0 23 23
0 24 23
0 24 23
0 25 24
0 26 25
0 26 25
0 25 24
1 21 20
0 19 18
0 19 18
0 19 18
0 19 18
0 19 18
0 20 19
0 20 19
0 20 19
0 20 19
0 20 19
0 20 19
0 19 18
0 19 18
0 19 18
0 20 19
0 20 19
0 21 20
0 22 21
0 21 20
0 22 21
0 22 21
0 22 21
0 21 20
0 20 19
0 20 19
0 19 18
0 21 20
0 22 21
0 23 22
0 23 22
0 23 22
0 24 23
0 25 24
0 25 24
0 23 23
0 24 24
2 27 27
1 29 29
0 30 30
0 31 31
0 30 30
0 31 31
0 31 31
0 30 30
0 31 31
0 29 29
0 30 30
0 30 30
0 31 30
0 30 29
0 29 28
1 30 29
0 30 29
1 30 29
0 31 30
0 31 30
0 30 29
0 30 29
1 30 29
0 30 29
0 30 29
0 30 30
0 30 30
0 30 30
0 30 30
0 30 30
0 30 30
0 30 30
0 30 30
0 30 30
0 30 29
0 28 27
0 28 27
0 29 28
0 28 27
0 27 26
0 27 26
1 27 26
0 28 27
0 29 27
0 27 25
0 28 27
0 27 27
0 27 27
0 27 26
0 28 26
0 29 26
0 29 26
0 29 26
0 29 26
0 29 26
1 30 27
0 30 28
0 26 25
0 27 25
0 29 26
0 30 26
1 28 24
0 29 25
0 30 26
0 30 26
0 30 26
0 29 25
0 29 25
0 29 25
0 30 26
0 29 25
1 27 24
0 27 23
0 26 22
0 26 22
0 28 24
0 28 24
0 28 24
0 28 24
0 27 23
0 26 22
0 27 23
0 29 25
0 28 25
0 25 22
0 24 21
1 23 20
0 23 19
0 24 20
0 24 20
1 24 20
1 24 20
0 26 21
0 25 20
0 25 20
0 25 21
1 25 21
1 28 24
1 28 24
0 29 25
0 29 25
0 29 25
0 29 25
0 29 26
0 29 26
1 28 25
1 28 25
0 28 25
0 28 25
0 29 26
0 29 26
0 29 25
0 30 26
0 30 26
0 30 26
0 30 26
0 30 26
0 30 26
0 29 25
0 27 23
0 29 24
0 26 21
1 27 22
0 28 23
0 28 23
0 28 23
0 27 22
0 27 22
0 27 22
0 28 23
0 27 22
0 24 19
0 23 18
2 23 18
0 24 18
0 24 18
0 26 20
0 26 20
0 26 20
0 26 20
0 26 21
0 25 20
0 22 18
0 22 18
0 22 18
0 25 20
0 24 19
0 24 19
0 24 19
0 26 20
0 26 20
0 26 20
0 26 20
0 26 20
0 23 19
0 25 21
0 22 18
0 23 19
0 22 18
0 23 19
0 23 19
0 24 20
0 24 20
0 24 20
0 24 20
0 24 20
0 26 22
0 26 22
1 27 22
0 28 23
0 28 22
0 27 22
1 27 22
1 28 23
0 28 23
0 27 23
0 28 23
0 29 24
0 30 25
0 28 24
0 28 24
0 28 24
0 28 24
0 29 25
0 29 25
0 29 25
0 29 25
1 30 25
1 30 25
1 30 25
2 30 25
2 30 25
2 29 24
2 29 24
1 30 25
0 31 26
0 31 26
0 31 26
1 29 24
1 29 24
1 29 24
0 29 24
0 27 22
0 27 22
0 26 22
0 25 21
0 26 22
0 27 21
0 28 22
0 28 22
0 28 22
0 28 22
0 28 22
0 28 22
0 28 22
0 27 21
0 26 20
0 23 17
0 23 16
0 23 16
1 23 16
0 24 17
0 25 18
0 25 18
0 25 18
0 25 18
0 24 17
0 24 17
0 24 17
0 21 16
0 20 15
0 20 15
0 20 15
0 21 16
0 22 16
0 22 16
0 22 16
0 22 16
0 23 18
0 23 18
0 23 18
0 23 18
0 22 17
0 22 17
1 23 17
0 25 19
0 25 19
0 26 20
0 26 20
0 27 21
0 29 24
0 26 21
0 26 21
0 25 20
0 26 18
0 27 18
0 28 19
0 29 20
0 29 20
0 29 20
0 28 20
0 26 18
0 26 18
0 27 19
0 26 18
0 25 17
0 27 19
0 28 19
0 27 18
0 27 18
0 27 18
0 29 20
0 29 20
0 27 18
1 25 16
1 24 15
3 23 14
2 25 17
0 25 18
1 25 18
0 25 19
1 25 19
0 26 20
0 27 21
0 27 21
0 27 21
0 26 20
0 28 21
0 27 21
0 25 19
1 24 18
1 23 18
1 25 19
1 25 19
1 25 19
0 26 20
0 28 22
0 28 22
0 28 22
0 26 20
0 23 17
0 19 13
0 18 12
0 18 12
0 18 12
0 18 12
0 19 13
0 19 13
0 19 13
0 19 13
1 19 13
0 18 12
0 17 11
0 17 11
0 17 11
0 18 11
0 19 12
0 19 12
0 20 13
0 20 13
0 20 13
1 19 12
0 21 15
0 19 13
0 19 13
0 18 13
0 17 13
1 17 13
0 17 13
0 21 16
0 21 16
0 22 16
0 22 16
0 23 17
1 24 18
0 23 17
1 23 17
0 24 18
0 24 18
0 23 17
0 22 16
0 22 16
0 23 16
0 24 17
0 24 17
0 22 16
0 23 17
0 23 16
0 23 17
0 25 18
0 24 18
0 25 18
0 24 17
0 24 17
0 25 17
0 25 17
0 26 18
0 27 19
0 24 17
0 24 17
0 25 19
0 25 19
0 26 20
0 26 20
0 26 20
0 25 18
0 25 18
0 25 18
0 25 18
0 23 17
0 22 17
0 22 17
0 20 15
0 22 17
0 21 16
0 21 16
0 21 16
0 22 17
0 22 17
0 22 17
0 22 17
0 22 17
0 22 18
0 20 17
0 20 17
0 19 16
0 19 16
0 19 16
0 19 16
0 19 16
0 19 16
0 19 16
0 19 16
0 19 16
0 18 15
1 14 12
2 17 14
1 16 13
0 15 12
1 16 13
0 18 15
0 18 15
0 18 15
0 19 16
0 19 16
0 21 18
0 24 20
0 23 19
1 22 18
0 25 20
0 25 20
0 25 20
0 27 22
0 27 22
0 27 22
0 27 22
0 27 22
0 26 21
0 24 19
0 23 19
1 21 18
0 22 19
0 24 20
0 25 21
2 25 21
0 25 21
0 25 21
0 23 20
0 23 20
0 23 20
0 22 19
0 23 20
0 20 17
0 21 18
0 20 17
0 19 16
0 20 17
0 20 17
0 21 18
0 22 18
0 22 18
0 22 18
0 20 17
0 20 17
0 22 19
0 24 21
0 25 21
0 25 21
1 26 22
0 27 23
1 27 23
1 27 23
0 27 23
0 26 22
0 25 21
0 23 19
0 25 21
0 25 21
1 25 22
0 25 22
1 23 20
0 25 22
0 24 21
0 24 21
0 25 22
0 26 23
0 26 23
0 25 22
0 21 18
0 20 17
0 18 15
0 18 15
0 18 15
0 18 15
0 19 16
0 20 17
0 22 19
0 22 19
0 22 19
0 19 16
1 18 15
0 15 12
1 15 12
0 16 13
0 16 13
0 16 13
0 16 13
0 16 13
0 19 16
0 19 15
0 20 16
1 21 17
0 19 16
0 16 13
0 17 14
0 17 13
0 17 13
0 19 14
0 19 14
0 20 15
0 20 15
0 21 16
0 21 17
0 22 15
0 22 15
0 24 16
0 26 18
0 27 19
0 27 20
0 28 20
0 29 21
0 29 21
0 28 20
0 28 20
0 27 19
0 28 20
0 27 20
0 26 20
0 25 19
0 25 19
0 25 19
0 25 19
0 26 20
0 26 20
0 26 20
0 27 21
0 25 19
0 23 19
0 23 18
1 25 20
0 27 22
1 26 21
0 27 22
0 28 22
0 28 22
0 27 21
0 27 21
0 26 20
1 23 17
0 27 21
0 25 20
1 26 21
1 26 21
1 26 21
0 26 21
0 26 21
0 26 21
0 26 21
0 26 21
0 24 20
0 23 19
0 22 19
0 21 18
1 21 18
0 21 18
0 22 19
0 25 22
0 27 24
0 28 24
0 29 25
0 28 24
0 29 25
0 29 25
0 25 21
0 23 19
0 23 19
0 24 20
0 24 20
0 24 20
0 26 21
0 26 21
0 27 22
0 28 22
0 27 21
0 27 21
0 26 20
0 24 18
0 25 20
0 26 21
1 27 22
0 28 23
0 28 23
0 28 23
0 28 24
0 29 24
0 27 22
0 27 21
0 27 20
0 29 21
1 29 21
0 30 21
0 29 20
0 29 20
0 29 20
0 28 19
0 27 19
0 27 19
0 25 17
0 26 18
0 25 17
0 24 17
1 24 17
0 25 18
0 23 16
0 23 16
0 23 16
0 25 18
0 25 18
0 24 18
0 26 20
0 23 19
0 24 19
0 22 17
0 22 17
0 23 17
0 26 20
0 24 19
0 25 20
0 25 20
0 25 20
0 25 20
0 26 21
0 25 21
0 26 23
0 27 24
0 27 23
0 27 23
0 28 23
0 28 23
0 29 24
0 29 24
0 29 24
0 29 24
0 28 23
0 29 23
0 29 23
0 26 21
0 25 21
0 26 22
0 26 22
0 26 22
1 27 22
0 27 22
0 27 22
0 27 22
0 27 22
1 25 20
0 23 18
0 25 20
0 24 20
0 24 19
1 24 19
0 24 19
0 25 20
0 24 19
0 24 19
0 24 20
0 25 21
0 27 23
0 28 23
0 28 23
0 26 21
1 26 21
0 27 21
0 27 21
0 28 22
0 28 22
0 28 22
0 28 22
0 29 23
0 26 22
0 24 19
0 24 19
0 23 20
0 23 20
0 23 20
1 24 20
0 23 19
0 24 20
0 24 21
0 25 21
0 24 20
1 25 21
1 23 20
0 25 22
0 27 22
0 27 22
0 28 23
0 27 22
0 28 22
0 28 22
0 28 22
0 28 22
0 28 22
0 26 21
0 26 21
0 25 21
1 24 20
1 26 22
1 25 21
0 27 22
0 28 23
0 28 23
0 28 23
0 28 23
0 28 23
0 26 22
0 26 23
0 27 24
0 27 24
0 27 24
0 27 24
0 27 24
0 27 24
0 27 24
0 28 24
0 28 24
0 26 23
0 25 22
0 25 22
0 26 23
0 25 22
0 23 20
1 25 22
0 25 22
1 24 22
0 26 23
0 26 24
0 27 23
1 27 23
0 28 24
0 26 22
0 26 22
1 26 22
0 26 22
0 27 23
0 27 23
0 27 23
0 27 23
0 27 23
0 27 23
0 27 23
0 28 24
0 27 23
0 26 23
0 26 23
0 29 25
0 29 25
0 29 25
0 28 24
0 28 24
0 28 24
0 29 24
0 28 23
0 27 23
0 27 23
0 27 23
0 26 22
0 25 21
0 25 21
1 25 21
0 26 22
0 26 22
0 26 22
0 26 22
0 26 22
0 27 22
0 25 20
0 26 20
0 27 21
1 28 22
0 28 21
0 28 21
0 28 21
0 28 21
0 28 21
0 29 22
0 29 22
0 29 22
0 27 21
0 28 22
0 29 23
0 29 23
0 29 23
0 30 24
0 29 22
0 29 22
0 30 22
0 29 21
0 30 23
0 28 22
0 28 20
1 28 20
0 29 22
0 30 22
1 29 22
0 30 23
0 29 22
0 29 22
0 30 23
0 30 23
0 30 23
0 28 21
0 27 20
0 27 20
1 26 20
0 27 21
0 27 21
0 27 21
0 28 22
0 28 22
0 28 22
0 28 22
0 27 21
0 27 21
0 26 21
0 25 20
0 26 21
0 27 22
0 25 20
0 25 20
0 25 20
0 25 20
0 25 20
0 25 20
0 25 20
0 25 20
0 26 21
0 27 21
0 28 22
0 26 21
0 29 23
0 29 23
0 29 23
0 29 23
0 29 23
0 30 24
0 30 24
0 29 23
0 27 21
0 29 22
0 28 22
0 29 23
0 29 23
0 28 22
0 28 22
0 28 22
0 28 22
0 27 22
0 29 24
0 29 23
0 28 22
0 26 20
0 27 21
0 28 22
0 29 22
0 30 23
0 30 23
0 30 23
0 30 23
0 30 23
0 28 21
0 28 21
0 28 22
0 29 22
0 29 22
0 29 22
0 30 23
0 31 24
1 31 24
1 31 24
1 31 24
1 31 24
1 30 24
2 26 20
1 28 22
1 25 20
0 27 21
0 28 22
0 29 22
0 29 22
0 29 22
0 29 22
0 29 22
0 28 21
0 30 23
0 28 21
0 26 19
0 24 18
0 24 18
0 23 17
0 24 18
1 24 18
0 25 19
0 25 19
0 25 19
0 25 19
0 25 19
0 24 18
0 24 18
0 21 16
0 21 16
0 20 15
0 20 15
0 20 15
0 20 15
0 20 15
0 20 15
0 20 15
0 19 15
0 19 15
0 18 15
0 18 15
0 19 16
0 19 16
0 20 17
0 21 18
0 22 19
0 22 19
0 22 19
0 22 19
0 22 19
0 19 17
0 19 17
0 20 18
0 20 18
0 19 17
0 19 17
0 19 17
0 20 18
0 21 18
0 21 18
0 23 19
0 23 19
0 22 18
0 24 20
0 24 20
0 26 21
1 26 21
0 27 22
0 27 22
0 26 22
0 27 23
0 28 24
0 28 24
0 28 24
0 26 24
0 27 24
0 26 24
0 26 24
0 25 23
0 24 22
1 24 22
0 25 23
0 25 23
0 25 23
0 26 24
0 26 24
0 26 24
0 27 25
0 27 25
0 26 24
0 27 25
0 27 25
0 27 25
0 27 25
0 27 25
0 27 25
0 28 26
0 27 25
0 27 25
0 26 24
0 27 25
0 25 23
0 26 24
0 26 24
0 26 24
0 26 24
0 26 24
0 27 25
0 27 25
0 27 25
0 25 23
0 19 17
1 19 17
0 18 16
0 18 16
0 18 16
0 19 17
0 19 17
0 20 18
0 20 18
0 20 18
0 22 20
0 22 20
0 22 20
0 23 21
1 21 19
1 21 19
0 21 19
0 21 19
0 22 19
0 22 19
1 22 19
0 23 20
0 23 20
0 25 22
0 27 23
0 26 23
0 27 24
0 26 23
0 25 22
0 26 23
0 26 23
0 27 23
0 27 23
0 28 24
0 28 24
0 28 23
0 25 21
1 27 23
0 26 22
0 28 24
0 27 23
0 28 24
0 29 25
0 30 25
0 30 25
0 29 24
0 28 23
1 28 23
1 27 23
1 26 22
1 27 23
0 28 24
0 29 25
0 30 25
0 31 26
1 31 26
1 31 26
1 30 25
1 29 24
1 27 23
1 27 23
0 26 22
0 27 22
0 28 23
0 28 23
0 29 24
0 29 24
0 29 24
0 29 24
0 29 24
0 29 24
0 28 23
0 24 19
0 23 18
0 23 18
0 21 17
0 22 18
0 22 18
0 20 16
0 21 16
0 21 16
0 21 16
0 21 16
0 22 17
1 19 14
1 18 14
0 19 15
0 19 15
0 19 15
0 19 15
0 19 15
0 19 15
0 19 15
0 19 14
0 19 13
0 19 13
0 22 14
1 21 13
0 23 15
0 23 15
0 22 14
0 23 15
0 23 15
0 25 17
0 25 17
0 26 18
0 26 18
0 25 18
0 23 17
0 23 17
0 22 17
0 19 16
0 21 18
0 22 18
0 23 19
0 24 19
0 24 19
0 24 19
0 24 19
0 26 20
0 24 19
0 24 18
0 21 16
0 21 17
0 22 18
0 22 18
0 23 19
0 23 19
0 23 19
0 23 19
0 22 19
0 23 20
0 22 19
0 21 18
0 22 19
0 20 17
0 20 17
0 20 17
0 20 17
1 20 17
0 20 17
0 20 17
0 21 17
0 19 16
0 20 17
0 20 16
0 18 14
0 18 14
0 19 15
0 19 15
0 20 16
0 20 16
0 20 16
0 20 16
0 20 16
0 18 14
0 18 14
0 20 16
0 20 15
1 20 15
0 20 15
0 19 14
0 19 14
0 20 15
0 21 16
0 21 16
0 21 16
0 20 15
0 20 15
0 19 14
0 17 12
0 16 11
0 16 11
0 16 11
0 16 11
0 17 12
0 17 12
0 17 12
1 17 12
0 17 12
0 17 12
0 16 11
0 16 11
0 17 12
0 18 13
0 18 13
0 19 14
0 20 14
0 20 14
0 20 14
0 20 14
0 21 15
0 19 15
0 17 14
0 20 16
0 20 16
0 21 17
0 21 17
0 22 17
0 22 17
0 22 17
0 22 17
0 23 18
0 24 20
0 20 16
0 21 17
0 22 18
0 21 17
0 22 18
0 23 19
0 23 19
0 24 20
1 25 21
0 25 21
0 23 19
0 20 16
0 18 14
0 21 17
0 21 17
0 20 16
0 21 16
0 21 16
0 22 17
0 23 17
0 23 17
0 23 17
0 23 17
0 20 14
1 20 15
0 20 17
0 19 16
0 19 16
0 20 17
0 20 17
0 20 17
0 21 18
0 22 19
0 23 19
0 24 20
0 25 19
0 21 15
0 20 14
0 19 13
0 18 12
0 19 12
0 19 12
0 19 12
0 19 12
0 19 12
0 19 12
0 18 11
0 16 9
0 14 9
0 14 9
0 14 9
1 15 10
0 16 11
0 17 12
0 17 12
0 18 13
0 18 13
0 18 13
0 17 13
1 18 14
0 17 13
1 16 12
0 18 14
0 18 14
0 19 15
0 19 15
0 19 15
0 19 15
0 19 15
0 19 15
0 20 16
0 21 17
0 19 15
1 22 17
0 21 15
0 21 15
0 21 15
0 21 15
0 21 15
0 21 15
0 21 15
0 21 15
0 19 14
0 22 15
0 21 14
0 19 12
0 19 12
0 20 12
0 20 12
0 19 12
0 21 13
0 22 14
0 23 14
0 23 14
0 23 14
0 22 13
0 22 14
0 22 14
0 22 14
0 22 14
0 23 14
0 23 14
0 24 15
0 24 15
1 24 15
0 24 15
0 22 14
1 23 15
0 19 13
0 19 13
0 22 14
0 22 14
0 21 13
1 21 13
0 22 14
0 23 15
0 23 15
0 24 15
1 26 17
0 25 15
0 25 15
0 24 14
0 24 14
0 24 14
0 24 14
0 24 14
0 24 14
1 24 14
0 24 14
0 24 14
0 22 12
0 23 13
0 23 13
0 20 10
0 20 11
0 20 10
0 20 10
0 20 10
0 20 10
0 20 10
0 19 10
0 18 10
0 18 10
0 17 8
0 15 6
0 15 6
0 14 6
0 15 7
0 15 7
0 15 7
0 15 7
0 15 7
0 15 7
1 15 7
0 15 8
0 16 9
0 17 10
0 21 13
0 20 14
0 22 16
0 22 16
0 24 17
0 24 17
0 24 17
0 26 19
0 26 19
0 25 18
0 24 18
0 22 16
0 20 14
0 20 14
0 21 15
0 21 15
0 21 15
0 22 16
0 23 17
0 23 17
0 23 17
0 22 16
0 21 15
0 18 13
0 16 11
0 18 13
0 18 13
0 18 13
0 19 13
0 18 12
0 19 12
0 18 11
0 19 12
0 19 12
0 18 11
1 19 12
0 20 13
0 20 13
0 19 13
0 22 14
0 21 13
0 22 14
0 22 14
0 24 16
0 24 16
1 22 15
0 23 16
0 23 15
0 23 14
0 22 13
0 21 13
0 19 11
0 19 11
0 19 11
0 18 10
0 18 10
0 18 10
0 18 10
0 16 9
0 16 9
0 16 9
0 16 9
1 17 10
0 18 11
1 19 11
0 19 11
0 19 11
0 19 11
0 21 13
0 20 12
0 20 12
0 21 13
0 22 14
0 22 14
1 22 13
0 24 14
0 25 15
1 25 15
0 26 16
0 26 16
0 25 15
0 25 15
0 25 15
0 23 14
0 23 15
0 22 14
0 22 14
0 22 14
0 22 15
0 22 15
0 22 15
0 22 15
0 22 15
0 22 14
0 24 16
0 22 15
0 20 13
0 21 13
0 21 13
0 21 13
0 21 13
0 23 15
0 23 15
0 23 15
0 23 15
0 23 15
1 23 15
0 24 16
0 22 15
0 23 16
0 22 15
0 21 15
0 21 15
0 22 15
0 22 15
0 22 15
0 22 15
0 22 15
0 20 13
0 20 13
0 22 15
0 22 15
0 24 15
0 25 15
0 25 15
0 26 16
0 26 16
0 26 16
0 26 16
0 25 15
0 21 14
0 22 14
0 22 14
0 22 14
0 22 14
1 22 14
0 22 14
0 22 14
0 22 14
0 23 14
0 24 16
0 24 16
0 26 16
0 24 14
0 24 14
0 22 13
0 23 13
0 23 13
0 23 13
0 23 13
0 24 14
0 24 14
1 24 14
0 23 13
0 22 12
0 22 12
0 20 13
0 20 13
0 20 13
0 20 13
0 20 13
0 20 13
0 20 13
0 20 13
1 20 13
0 20 13
0 18 12
0 18 12
0 17 11
0 19 13
0 20 14
1 20 14
0 21 15
0 21 15
0 21 15
0 21 15
0 21 15
0 21 15
0 21 15
0 20 15
0 21 15
0 21 16
0 21 16
0 20 14
0 21 15
0 21 15
0 22 16
0 22 16
0 22 16
0 22 16
0 23 17
0 24 18
0 24 18
0 24 19
0 24 19
1 23 18
0 23 19
0 24 20
0 24 20
0 25 21
0 25 21
0 23 20
0 25 22
0 25 22
0 24 21
0 24 21
0 23 20
0 23 20
0 23 20
0 22 19
0 22 19
0 22 19
0 21 18
0 22 19
0 22 19
0 22 19
0 20 17
0 20 17
0 20 17
0 21 18
0 21 18
0 21 18
0 21 18
0 21 18
0 21 18
1 21 18
0 21 18
0 22 19
0 21 18
1 20 16
0 20 16
0 21 16
0 22 16
0 22 16
0 22 16
0 23 17
0 23 17
0 20 14
0 20 14
0 18 12
1 18 12
0 20 13
0 22 15
0 23 16
0 23 16
1 23 16
0 24 17
0 24 17
0 24 17
1 24 15
0 26 17
1 26 18
0 25 16
1 25 16
1 26 17
0 27 18
0 27 18
0 27 18
0 27 18
0 27 18
0 27 18
0 27 18
0 25 17
0 24 17
0 24 17
0 24 17
0 26 18
0 25 18
0 26 19
0 26 19
0 26 20
0 26 20
0 26 20
0 26 20
0 23 17
0 24 17
0 24 19
0 21 17
0 24 19
0 24 19
0 25 20
0 26 21
0 25 20
0 26 21
0 26 21
0 27 22
0 28 22
1 24 19
0 25 20
0 23 18
0 24 18
0 24 18
0 24 18
0 24 18
0 24 18
0 24 18
0 24 18
1 24 18
0 21 16
1 21 16
0 20 15
0 17 13
0 17 13
0 18 13
0 18 13
0 18 13
0 18 13
0 18 13
0 18 13
0 17 12
1 18 12
0 17 11
0 15 9
0 15 9
0 13 8
0 15 9
0 15 9
1 15 9
0 15 9
0 16 10
0 16 10
0 16 10
1 15 10
2 15 11
1 17 13
0 18 14
0 19 15
0 20 16
0 20 16
0 20 16
0 20 16
0 24 19
0 25 19
0 26 20
0 27 22
0 27 22
0 26 21
0 28 21
0 25 19
0 26 19
0 26 19
0 26 19
0 26 19
0 26 19
0 25 18
0 23 18
0 24 19
0 23 19
0 23 19
0 25 21
0 23 19
0 24 20
1 23 19
0 23 19
0 23 19
0 22 18
0 22 18
0 22 18
0 21 17
0 22 18
0 24 20
0 22 18
0 22 18
0 24 20
0 24 20
0 24 20
0 24 20
0 24 20
0 24 20
0 24 20
0 21 17
1 20 16
0 18 16
0 17 15
0 16 14
1 16 14
0 17 15
0 17 15
0 18 15
0 18 15
0 18 15
0 18 15
0 14 11
0 13 10
0 12 9
0 11 8
0 11 8
0 11 8
0 12 9
0 12 9
0 12 9
0 12 9
0 12 9
0 11 9
0 11 9
0 10 8
0 9 7
0 10 8
0 10 8
0 9 7
0 9 7
0 9 7
0 9 7
0 9 7
0 9 7
0 8 6
0 7 6
0 4 4
0 4 4
0 4 4
0 5 5
0 5 5
0 5 5
0 5 5
0 5 5
0 5 5
0 5 5
0 6 6
0 7 7
0 9 8
0 9 9
0 12 11
0 12 11
0 12 11
0 14 12
0 14 12
0 14 12
0 14 12
0 14 12
0 13 11
0 13 11
0 14 11
0 11 10
0 13 11
0 13 11
0 13 11
0 13 11
0 13 11
1 13 11
0 13 11
0 13 11
0 12 10
0 10 9
0 8 7
0 8 7
0 7 7
1 9 8
0 11 9
0 11 9
0 12 9
0 12 9
0 12 9
0 13 9
0 12 8
0 14 10
0 13 10
0 12 10
0 14 11
0 14 11
0 15 12
0 15 12
0 15 12
0 15 12
0 15 12
0 15 12
0 17 14
0 16 14
0 18 16
0 19 16
0 18 15
0 19 16
0 20 16
0 19 16
0 20 16
0 20 16
0 20 16
0 20 16
0 21 17
0 19 16
0 18 15
0 20 15
0 20 15
0 20 15
0 20 15
0 20 15
0 20 15
1 20 15
0 21 16
0 21 16
0 20 16
0 19 16
0 21 17
0 20 17
0 22 19
0 23 20
0 25 22
0 26 23
0 26 23
0 26 23
0 26 23
1 26 23
0 26 23
0 24 22
0 23 21
0 23 20
0 20 17
0 19 16
0 19 16
0 21 18
0 21 18
0 21 18
0 23 20
0 23 19
0 23 19
0 21 18
0 20 18
0 20 18
0 18 16
0 17 16
0 17 16
0 18 17
0 18 17
0 18 17
0 18 17
0 18 17
0 19 18
0 18 16
0 17 15
0 20 17
0 21 17
0 21 17
1 21 17
0 21 17
0 21 17
0 21 17
0 21 17
0 21 17
0 20 17
0 19 15
0 18 13
0 17 12
0 18 13
0 18 13
0 18 13
0 19 13
0 19 13
0 20 14
0 19 13
0 19 13
0 19 13
0 16 11
0 14 10
0 16 10
0 17 11
0 16 11
0 17 11
0 18 12
0 18 12
0 18 12
0 20 14
0 20 14
0 20 15
0 19 15
0 18 15
0 18 15
0 17 14
0 17 14
0 18 15
0 18 15
0 19 16
0 20 17
0 20 17
0 19 16
0 19 17
0 20 18
0 19 18
1 18 16
0 20 18
0 22 20
0 23 20
0 23 20
0 23 20
0 23 20
0 26 21
0 25 20
0 25 20
0 25 21
0 22 19
0 23 19
0 23 19
0 22 17
0 22 17
0 22 17
0 22 17
0 23 18
0 24 19
0 24 19
0 23 18
0 24 19
0 21 16
0 19 15
0 19 16
0 20 17
0 20 17
0 20 17
0 20 17
0 20 17
0 20 17
0 21 17
0 20 16
0 18 14
0 20 16
1 19 15
0 21 17
0 21 17
0 21 17
0 22 18
0 22 18
0 22 18
0 22 18
0 22 18
0 22 18
0 22 18
0 21 18
0 21 18
0 20 18
0 20 17
0 21 18
0 22 19
0 22 19
0 22 19
0 23 20
0 24 21
0 24 21
0 21 18
0 18 15
0 16 13
0 16 13
0 16 13
0 17 14
0 18 14
0 18 14
0 18 14
0 18 14
0 19 14
0 19 14
0 17 14
0 18 15
1 17 14
0 15 13
0 15 13
0 15 13
0 15 13
0 16 13
0 16 13
1 16 13
0 17 14
0 16 14
0 15 13
0 14 12
1 15 13
0 17 15
1 18 16
0 18 16
1 19 17
0 21 19
0 21 19
0 21 19
0 21 19
0 20 18
0 20 18
0 23 21
0 22 20
1 22 20
0 26 24
0 24 22
0 23 21
0 24 22
0 24 22
0 24 22
0 24 22
0 24 22
0 25 23
0 22 21
1 25 24
0 26 25
0 26 25
1 26 25
0 27 26
0 27 26
0 27 26
0 27 26
0 27 26
0 26 25
0 24 23
0 25 24
0 25 24
0 25 24
0 24 23
0 25 23
0 25 23
0 25 23
0 25 23
0 26 24
0 26 24
0 24 22
0 25 23
0 24 22
0 25 23
0 26 24
0 25 23
0 26 24
0 26 24
0 26 25
0 27 25
0 27 25
0 28 26
0 28 25
0 28 24
1 26 22
0 27 22
0 27 22
0 28 22
0 27 21
0 26 21
1 25 21
0 26 22
0 26 22
0 26 22
0 26 22
0 24 20
1 23 19
0 22 18
0 20 16
0 19 15
0 19 15
0 20 15
0 20 15
0 20 15
0 18 13
0 18 13
0 19 14
0 18 14
0 19 15
0 19 15
0 18 15
0 17 14
0 18 15
0 18 15
0 18 15
0 18 15
0 19 16
0 19 16
0 19 16
2 20 17
0 22 19
0 19 16
0 20 17
0 20 17
0 20 17
0 21 17
0 22 18
0 22 18
0 22 18
0 22 19
0 23 20
0 22 18
0 21 17
0 21 17
0 21 17
0 21 17
0 23 19
0 23 19
1 22 18
0 23 19
0 23 19
0 23 19
0 23 19
0 22 18
0 20 16
0 18 15
0 18 16
1 18 16
0 19 17
0 18 16
1 18 16
0 19 17
0 19 17
0 19 17
0 19 17
0 18 16
0 17 14
0 17 14
0 17 14
0 17 14
0 17 14
0 18 14
0 18 14
0 18 14
0 18 14
0 19 15
0 19 15
0 18 14
0 15 11
0 14 10
0 13 9
0 12 9
0 14 10
0 14 10
0 16 11
0 16 11
0 16 11
0 17 11
0 17 11
0 17 11
0 17 11
0 17 11
0 17 11
1 19 13
0 20 14
0 20 14
0 19 13
0 19 13
0 19 13
0 19 13
0 17 13
0 17 13
0 17 13
0 15 12
0 14 11
0 15 12
0 15 12
0 15 12
0 15 12
1 15 12
0 16 13
0 16 13
0 15 12
0 16 14
0 17 15
0 14 11
0 17 14
1 16 13
1 16 13
0 15 12
0 15 12
0 15 12
1 14 11
0 15 12
0 16 12
0 15 11
1 15 11
0 14 10
0 14 10
0 14 10
0 15 11
0 15 11
0 16 12
0 16 12
0 15 11
0 15 11
0 17 12
0 18 13
0 21 14
1 20 13
0 18 12
1 20 13
0 22 14
0 23 15
0 23 15
0 23 15
0 23 15
0 23 15
0 22 15
0 20 14
0 20 14
0 20 15
0 17 13
0 18 13
0 18 13
0 18 13
0 18 13
0 18 13
1 20 14
0 21 15
0 21 15
0 22 15
0 20 13
0 18 13
0 16 11
0 15 11
0 15 10
0 15 10
0 16 10
0 18 12
0 18 12
0 18 12
0 18 12
0 15 9
0 14 8
0 13 8
0 13 8
0 13 8
0 13 8
1 12 8
0 13 9
0 13 9
0 12 9
0 12 9
0 11 8
0 10 8
0 10 8
1 10 8
0 11 9
0 11 9
0 11 9
0 11 9
0 11 9
0 11 9
0 10 8
0 10 8
0 11 9
0 12 10
0 12 10
0 12 10
0 12 10
0 12 10
0 12 10
0 12 10
0 13 11
0 13 11
0 13 11
0 13 11
0 13 11
0 14 12
0 13 11
0 14 11
0 14 11
0 14 11
1 14 11
0 16 13
0 16 13
0 16 13
0 16 13
0 16 13
0 16 13
0 15 12
0 16 13
0 18 14
0 19 14
0 19 14
0 19 14
0 19 14
0 19 14
0 20 15
0 17 12
0 17 12
0 16 12
0 17 13
0 17 14
0 16 13
1 17 15
0 17 15
0 16 14
0 19 17
0 19 17
0 18 17
0 18 17
0 18 17
0 19 18
0 17 16
0 16 15
1 17 16
0 15 14
0 16 14
1 17 14
0 19 16
0 19 16
0 19 16
0 19 16
0 18 16
0 18 15
0 18 16
0 17 15
1 16 14
0 17 15
0 17 15
0 17 15
0 17 15
0 17 15
0 17 15
0 17 15
0 17 15
0 17 15
0 19 17
1 18 16
0 20 18
0 21 19
0 20 18
0 20 18
0 21 19
0 22 20
0 22 20
1 24 22
0 25 23
0 23 21
0 24 22
1 24 22
0 25 23
0 25 23
0 25 24
0 26 24
0 26 24
0 26 24
0 26 24
0 26 24
0 24 22
0 25 23
0 24 22
0 24 22
0 25 23
0 23 21
0 23 20
0 23 20
0 23 20
0 23 20
0 23 20
0 23 20
0 23 20
0 23 20
0 21 18
0 17 15
0 18 15
0 20 17
0 21 18
0 22 18
0 21 17
0 21 17
0 22 18
0 22 18
0 22 18
0 22 18
0 22 18
0 22 17
0 19 14
0 20 15
0 21 16
0 22 16
0 23 17
0 23 17
0 23 17
0 23 17
0 23 17
0 23 17
0 18 14
0 18 14
0 16 12
0 17 13
0 17 14
0 17 14
0 17 14
2 17 14
0 19 15
0 19 15
0 20 16
0 21 17
0 19 15
0 18 15
0 19 14
0 19 14
0 18 13
0 20 13
1 20 13
0 20 13
0 20 13
0 20 13
0 20 13
0 19 13
0 19 13
0 19 13
0 19 13
0 19 13
0 21 15
0 21 15
0 21 15
0 21 15
0 21 15
0 21 15
0 20 14
0 19 13
0 21 15
0 18 13
0 15 10
0 20 14
0 19 13
0 20 14
0 20 14
1 19 14
0 20 14
0 19 13
0 19 13
0 17 12
0 18 13
1 17 12
0 17 12
1 18 11
1 20 13
0 20 13
0 20 13
0 20 13
0 20 13
0 20 13
0 20 13
0 20 13
0 21 14
0 20 14
0 19 14
0 22 16
0 22 16
0 23 17
0 23 17
0 23 17
0 23 17
0 23 17
0 23 17
0 21 15
0 21 18
0 22 18
0 21 17
0 20 16
0 19 15
0 17 13
0 17 13
0 17 13
0 18 13
0 18 13
0 19 14
0 20 15
0 20 15
1 18 13
0 18 13
0 19 14
0 21 16
0 20 15
0 19 14
0 19 14
0 19 14
0 19 14
0 20 15
0 20 15
0 18 14
0 18 14
0 16 13
0 15 11
0 15 12
0 16 12
0 16 12
0 16 12
0 16 12
0 16 12
0 16 12
0 16 13
0 17 14
0 18 16
0 22 18
0 22 18
0 24 19
0 24 19
0 24 19
0 24 19
0 24 19
0 24 19
0 23 18
0 23 19
0 23 19
0 23 20
0 25 22
0 24 21
0 23 20
0 23 20
0 23 20
0 23 20
0 24 20
0 24 20
0 24 20
0 24 20
0 23 20
0 24 20
0 24 20
0 25 21
0 26 22
0 25 22
0 24 22
0 23 21
0 25 23
0 26 24
0 26 24
1 24 22
0 23 21
0 21 19
0 19 17
0 20 18
0 18 17
0 20 18
0 19 17
0 19 17
0 19 17
0 19 17
0 20 17
0 18 15
0 16 13
1 13 11
0 16 14
0 17 15
0 18 15
0 18 15
0 18 15
0 18 15
0 19 16
0 19 16
0 19 16
0 19 16
0 20 15
0 17 13
0 16 12
0 16 12
0 13 10
0 14 10
0 14 10
0 14 10
0 14 10
0 14 10
0 13 9
0 13 9
0 13 9
0 13 10
0 11 8
0 13 9
0 13 9
0 13 9
0 13 9
0 13 9
0 13 9
0 13 9
1 13 9
0 14 10
0 14 11
0 15 12
0 15 12
0 15 12
0 15 12
0 15 12
0 15 12
0 15 12
0 15 12
0 16 13
0 16 13
0 16 13
0 16 13
0 18 14
0 18 14
0 17 13
2 18 14
0 19 15
0 19 15
0 19 15
0 20 16
0 20 16
0 20 16
0 20 16
0 20 16
0 21 18
0 21 18
0 21 18
1 23 20
1 23 20
0 23 20
0 22 19
0 22 19
0 22 19
0 22 19
0 21 18
1 18 16
0 20 18
1 19 17
0 20 18
0 19 17
1 20 18
0 22 20
0 23 21
0 23 21
0 23 21
0 23 21
0 23 21
0 21 19
0 21 19
0 21 19
0 19 17
0 18 16
0 18 16
0 18 16
0 18 16
1 18 16
0 18 16
0 18 17
0 18 17
0 15 14
0 12 11
1 14 13
0 14 13
0 14 13
0 15 14
0 15 14
0 15 14
0 15 14
0 15 14
0 15 14
0 16 14
1 15 13
0 15 13
0 14 12
0 14 11
0 14 11
0 14 11
0 15 12
0 16 13
0 16 13
0 16 13
0 16 13
0 17 14
0 13 11
0 14 12
0 13 10
0 14 11
0 16 13
0 16 13
0 16 13
0 16 13
0 16 13
0 17 14
0 16 13
0 15 12
0 14 11
0 12 9
0 10 8
0 10 8
0 10 8
0 10 8
0 11 9
0 10 9
0 10 9
0 10 9
0 10 9
0 10 9
0 8 7
0 9 8
0 10 9
0 11 10
1 12 11
0 13 12
0 14 13
0 14 13
0 14 13
0 14 13
0 13 12
0 12 11
0 10 9
0 11 10
0 12 11
0 11 9
0 13 11
0 12 10
0 12 10
0 13 11
0 12 10
0 12 10
0 12 10
0 13 11
1 14 12
0 17 15
0 16 15
0 16 15
0 16 15
0 15 14
0 16 14
0 17 15
0 16 15
0 16 15
0 16 15
0 16 15
0 15 14
0 14 13
0 11 11
0 11 11
0 11 11
0 11 11
0 11 11
0 11 11
0 11 11
0 12 12
0 12 12
0 11 11
0 10 10
0 9 9
0 8 8
0 8 8
0 9 8
0 9 8
0 9 8
0 9 8
0 9 8
0 9 8
0 9 8
0 8 7
0 10 9
0 10 9
0 10 9
0 11 10
0 11 10
0 12 11
0 12 11
0 12 11
0 12 11
0 12 11
0 12 11
1 11 10
0 11 9
0 12 9
1 12 9
0 12 9
1 13 10
1 14 11
0 15 12
0 15 12
0 15 12
0 15 12
0 16 13
0 16 13
0 17 14
0 17 14
1 18 15
0 20 18
0 21 18
0 21 18
0 20 17
0 21 18
0 21 18
0 20 17
0 20 17
0 20 17
0 21 18
0 19 16
0 20 17
0 19 16
0 19 16
0 19 16
0 19 16
0 19 16
0 19 16
0 20 17
0 20 17
0 18 15
0 20 17
0 17 15
0 18 15
0 19 16
0 19 16
0 18 15
0 19 16
1 20 16
0 21 17
0 22 18
0 23 18
0 21 16
0 19 15
0 18 15
0 19 16
0 19 16
0 18 15
0 19 15
0 19 15
0 19 15
0 19 15
0 18 14
0 18 13
0 13 10
0 13 10
0 13 10
1 12 9
0 14 11
0 15 12
0 15 12
0 15 12
0 16 13
0 16 13
0 16 13
0 16 13
0 14 11
1 14 12
0 12 10
0 12 10
0 11 9
0 10 8
0 11 9
0 11 9
0 12 10
0 12 10
0 12 10
0 11 9
0 11 10
0 13 12
0 14 13
0 15 14
0 18 16
0 20 18
1 21 19
0 20 18
0 19 17
0 20 18
0 20 18
0 20 18
0 21 18
0 21 18
0 19 16
0 20 17
0 20 17
0 21 17
0 22 18
1 22 18
0 22 18
0 21 18
0 21 18
0 23 19
0 23 19
0 24 20
0 23 20
0 23 20
1 22 19
0 23 20
0 23 20
0 21 19
0 23 20
0 25 21
0 25 21
0 24 20
0 23 19
0 22 18
0 21 17
0 22 19
0 19 16
0 19 16
0 19 16
1 19 16
0 19 16
0 19 16
0 18 15
1 19 15
1 19 15
0 16 14
0 18 15
0 17 14
0 18 15
0 18 15
0 18 15
0 18 15
0 19 15
0 19 15
0 19 15
0 19 15
0 18 14
0 18 14
0 16 13
0 15 12
0 16 13
0 14 11
0 14 11
0 14 11
0 14 11
0 14 11
0 13 10
0 13 10
0 13 10
0 12 9
0 13 10
1 12 10
0 12 10
0 14 12
0 14 12
1 15 12
0 16 12
0 16 12
0 16 12
0 17 13
0 17 13
0 20 15
0 23 17
1 21 15
0 22 16
0 22 17
0 22 17
0 21 16
0 22 16
0 23 17
0 23 17
0 23 17
0 21 16
0 22 17
0 21 16
0 21 17
0 23 18
0 24 19
0 25 19
0 23 18
0 23 18
0 23 18
0 23 18
0 23 18
0 23 18
0 22 17
0 19 14
1 21 16
0 21 17
0 20 16
0 19 15
0 20 15
0 20 15
0 20 15
0 20 15
0 20 15
0 20 15
0 17 13
1 18 14
1 18 14
0 19 15
0 20 16
0 21 17
1 22 18
0 23 19
0 24 20
0 24 20
0 24 20
0 25 21
1 24 20
0 26 21
1 26 21
0 26 21
0 25 20
0 26 21
0 26 21
0 26 21
1 25 20
0 25 20
0 25 20
0 24 19
0 21 17
0 20 17
0 21 18
0 20 17
0 21 18
0 22 19
0 22 19
0 23 20
0 24 21
0 24 21
0 24 21
0 23 20
0 22 19
1 22 19
0 22 19
1 23 20
0 24 21
0 24 21
0 24 21
0 24 21
0 24 21
0 25 22
0 25 22
0 24 21
0 24 21
0 21 18
0 22 20
0 20 18
0 20 18
0 20 18
0 20 18
0 19 18
0 20 18
0 20 18
0 20 18
0 20 18
0 21 19
0 22 20
0 21 20
0 21 20
0 22 21
0 23 22
0 22 21
0 23 22
0 23 22
0 23 22
1 23 22
0 24 23
0 23 22
0 23 22
0 22 21
1 26 24
0 27 25
0 27 25
0 27 25
0 28 26
0 28 26
0 28 26
0 27 25
0 28 26
0 28 26
0 27 25
0 27 25
0 26 24
0 25 23
0 25 24
0 26 25
1 26 24
1 26 24
0 26 24
0 26 24
0 27 24
0 24 21
0 24 21
0 25 22
0 22 20
0 22 20
0 21 19
0 21 19
0 21 19
0 21 19
0 21 19
0 21 19
0 21 19
0 21 19
0 19 17
0 17 16
1 18 17
0 17 16
0 16 16
0 16 16
0 16 16
0 16 16
0 16 16
0 16 16
0 15 15
0 16 16
0 15 15
0 15 15
0 15 15
1 15 15
0 16 16
0 17 17
0 17 17
0 17 17
0 17 17
0 17 17
0 16 16
0 17 17
0 18 17
0 18 17
0 17 16
0 17 16
0 18 17
0 19 18
0 18 17
0 17 16
0 17 16
0 16 15
0 17 16
0 17 16
0 16 16
0 13 13
0 12 12
0 13 13
0 12 12
0 13 13
0 12 12
0 12 12
0 12 12
0 12 12
0 12 12
0 12 11
0 12 11
0 12 11
0 12 11
0 13 11
0 14 12
0 14 12
0 16 14
0 16 14
0 16 14
0 16 14
0 15 13
0 16 14
0 18 16
0 17 15
0 19 17
1 20 17
0 20 17
0 20 17
0 20 17
1 23 19
0 24 20
0 24 20
0 22 19
0 21 18
0 19 17
0 19 16
0 16 13
0 16 13
0 16 13
0 16 13
0 16 13
1 16 13
0 16 13
0 16 13
0 15 13
0 17 14
0 17 14
0 16 14
0 15 13
0 13 11
0 13 11
0 13 11
0 13 11
1 15 12
0 17 14
0 17 14
0 19 16
0 20 17
0 19 16
0 19 15
1 19 15
0 19 16
0 20 16
0 21 17
0 22 18
0 22 18
0 22 18
0 21 18
0 22 18
0 20 16
0 17 13
0 18 14
0 20 16
0 20 17
0 22 18
0 23 19
0 23 19
0 23 19
0 24 20
0 24 20
0 22 18
0 24 20
0 23 20
0 24 21
0 23 20
0 24 21
0 23 20
0 24 21
0 25 22
0 25 22
0 25 22
0 24 21
0 23 20
0 21 18
0 19 17
0 20 18
0 21 19
0 21 19
0 20 19
0 20 19
0 21 19
0 21 19
0 21 19
0 21 19
0 18 16
0 20 18
0 21 19
0 20 18
0 20 18
0 22 20
0 22 20
0 23 21
0 23 21
1 23 21
0 24 22
0 24 22
0 24 22
0 21 19
0 20 18
0 17 15
0 17 14
1 17 14
0 17 14
0 17 14
0 17 14
0 17 14
0 17 14
0 17 14
0 16 13
0 17 14
0 17 14
0 17 14
0 15 12
0 15 12
0 16 13
0 16 13
0 16 13
0 16 13
0 16 13
0 15 12
0 15 12
0 15 13
0 14 11
0 15 12
0 15 13
0 15 13
0 15 13
0 15 13
0 15 13
0 15 13
0 16 13
0 16 13
0 17 14
1 19 16
0 20 17
0 22 19
0 22 19
0 21 19
1 21 19
0 22 20
0 22 20
0 22 20
1 22 20
0 23 21
0 23 21
1 24 22
0 24 22
0 25 22
0 25 22
0 25 22
0 25 22
0 25 22
0 27 24
0 27 24
0 28 25
0 27 24
0 27 24
0 26 23
0 26 23
0 27 24
0 26 23
0 27 24
0 28 25
0 28 25
0 28 25
1 28 25
0 26 23
1 26 23
0 25 22
0 25 22
0 23 20
0 24 21
0 24 21
0 25 21
0 25 21
0 25 21
0 25 21
0 26 22
0 26 22
0 26 22
0 24 21
0 24 21
0 24 21
0 22 19
0 23 20
1 23 20
0 24 21
0 24 21
0 24 21
0 24 21
0 24 21
0 24 21
0 24 21
0 23 20
0 23 20
0 23 20
0 23 20
0 23 20
0 23 20
0 25 21
0 23 19
0 23 19
0 23 19
0 23 19
0 21 17
0 22 18
1 21 17
0 21 17
0 23 18
1 25 20
0 26 21
1 26 21
0 27 22
0 27 22
0 28 23
0 28 23
0 26 21
0 27 22
0 23 19
1 26 21
0 27 22
0 26 21
0 25 20
0 25 20
0 25 20
0 25 20
0 26 21
0 27 21
0 26 20
0 26 20
0 21 16
0 20 15
0 22 17
1 22 17
0 23 18
0 23 18
0 22 17
0 22 17
1 22 17
1 23 18
0 22 17
0 22 17
0 21 17
0 23 19
0 22 18
0 24 19
0 26 21
0 26 21
1 26 21
1 27 22
0 27 22
0 26 22
0 27 23
0 28 25
0 28 25
0 25 23
0 26 24
0 25 23
0 26 23
0 26 23
0 26 23
0 26 23
0 27 24
0 27 24
0 27 24
0 26 23
1 25 23
0 25 23
1 25 23
0 25 23
0 23 21
0 25 21
0 24 20
0 24 20
0 24 20
0 24 20
0 24 20
0 23 19
0 20 16
0 20 16
0 20 16
0 20 16
1 21 17
0 19 15
0 20 15
0 20 15
0 21 15
0 21 15
0 21 15
0 20 14
0 19 13
0 21 15
0 23 16
0 23 16
0 23 16
0 24 17
0 24 17
0 24 17
0 24 17
0 25 18
0 24 17
0 23 17
0 24 17
0 25 18
0 24 19
0 24 19
0 25 20
0 25 19
0 26 20
0 26 20
0 26 20
0 26 20
0 27 20
0 27 20
0 22 17
0 22 17
0 24 18
0 25 18
1 24 17
0 26 19
0 26 19
0 26 19
0 28 21
0 28 21
0 28 21
0 29 22
0 28 21
0 27 20
0 28 20
0 27 19
1 27 19
0 27 19
1 25 17
0 26 18
0 27 19
0 26 18
0 25 17
0 25 17
0 23 15
0 22 15
0 22 15
1 22 15
0 24 17
0 24 17
0 24 17
1 24 17
0 24 17
0 24 17
0 24 17
0 26 19
0 22 15
0 19 13
0 17 11
0 18 12
0 18 12
0 20 14
0 20 14
0 21 15
0 21 15
0 21 15
0 21 15
0 20 14
0 20 14
0 17 11
0 18 12
0 18 12
0 18 12
0 21 13
0 21 13
1 21 13
1 22 14
0 21 13
0 21 13
0 22 15
0 20 13
0 19 13
0 20 13
0 20 13
0 20 13
0 21 14
0 22 14
0 22 14
0 22 14
0 22 14
0 22 14
0 23 16
0 24 17
1 24 17
0 22 15
0 25 17
0 25 17
0 25 17
0 25 17
0 24 17
0 24 17
0 24 17
0 24 17
0 23 16
0 22 15
0 23 16
0 23 16
0 23 17
0 23 17
0 23 17
0 24 18
0 24 18
0 24 18
0 25 19
0 25 19
0 24 19
0 23 18
0 21 16
0 22 16
1 22 16
0 21 15
0 22 16
0 23 17
0 23 17
0 23 17
0 23 17
0 24 17
0 24 18
0 24 18
0 24 17
0 23 16
0 23 16
0 24 16
0 24 16
0 26 16
0 25 15
0 25 15
0 25 15
0 25 15
0 23 13
0 19 11
0 17 10
0 15 7
0 14 6
0 15 7
0 15 7
0 15 7
0 15 7
0 15 7
0 15 7
0 15 7
0 17 8
0 17 8
0 16 8
0 17 9
0 17 9
0 17 9
0 17 9
0 17 9
0 17 9
0 18 9
0 18 9
0 19 10
0 22 13
1 24 14
0 22 14
0 23 15
0 23 15
0 22 15
0 22 15
0 22 15
0 22 15
0 22 15
0 23 16
0 22 16
0 21 15
0 19 13
0 17 10
0 19 12
0 19 12
0 19 12
0 19 12
0 19 12
0 19 12
0 19 12
0 19 12
0 20 13
0 21 14
0 19 13
0 19 13
0 19 13
0 19 13
0 19 13
0 20 14
0 20 14
0 21 14
0 21 14
0 20 14
0 21 14
0 22 15
0 20 13
1 19 13
0 18 12
0 18 13
0 19 13
0 19 13
0 19 13
0 20 14
0 20 14
0 20 14
0 19 13
0 21 15
0 19 13
0 20 14
0 19 13
0 19 14
0 19 14
0 19 14
0 20 15
0 20 15
0 20 15
0 20 15
0 20 15
0 20 14
0 19 13
0 18 12
0 18 12
0 17 11
0 17 11
0 17 11
1 17 11
0 18 12
1 18 12
0 19 13
1 19 13
0 20 14
0 18 12
0 16 11
0 16 12
0 17 12
0 17 12
0 17 12
0 17 12
0 17 12
0 18 13
0 18 13
0 17 12
0 17 13
0 17 13
0 16 13
0 15 12
0 15 12
0 15 12
0 15 12
0 15 12
0 15 12
0 15 12
0 16 13
0 16 12
0 17 13
0 18 13
0 18 13
0 17 12
0 17 12
0 18 13
1 20 15
0 21 16
0 21 16
0 21 16
0 23 17
0 23 17
0 21 16
0 20 15
0 21 16
0 21 16
1 21 16
0 23 18
0 23 18
0 24 19
0 24 19
0 25 19
0 24 18
0 24 18
0 23 18
0 21 17
0 22 18
0 22 19
0 23 20
0 23 20
0 23 20
0 23 20
0 23 20
0 23 20
0 23 20
0 23 20
0 23 19
0 22 20
0 20 18
0 19 17
0 22 18
0 21 18
0 21 18
0 22 19
0 22 19
0 22 19
0 22 19
0 23 19
0 21 17
0 20 16
0 22 19
0 22 19
0 23 20
1 22 19
0 22 18
0 22 18
0 23 19
0 23 19
0 23 19
0 22 18
0 20 16
0 16 13
0 16 13
0 16 13
0 16 13
1 17 13
0 18 14
0 18 14
0 19 15
0 20 15
0 20 15
0 21 16
0 19 14
0 20 15
0 22 16
1 25 17
0 26 19
0 27 19
0 27 19
0 27 19
0 27 19
0 26 18
0 26 18
0 26 18
0 26 19
0 26 19
0 25 19
0 26 20
0 26 20
0 27 20
0 27 20
0 27 20
0 27 20
0 28 21
0 27 21
0 26 20
0 26 19
0 25 19
0 25 19
0 25 20
0 25 20
0 25 20
0 26 21
0 26 21
0 26 21
0 26 21
0 26 21
0 25 21
0 22 18
0 22 18
0 23 19
0 24 20
1 23 19
0 23 19
0 23 19
0 24 19
0 24 19
0 24 19
0 24 19
0 24 19
1 23 17
0 23 17
0 21 16
0 24 18
0 26 19
0 25 18
0 27 20
0 26 19
0 25 18
0 26 19
0 26 19
0 26 19
0 26 19
0 24 18
0 23 17
0 20 14
0 20 14
0 19 13
0 19 13
0 19 13
0 20 14
0 20 14
0 20 14
0 20 14
0 18 12
0 13 7
0 15 9
0 17 11
1 17 11
0 18 12
0 17 11
0 17 11
0 17 11
0 17 11
0 17 11
0 18 12
0 17 13
1 16 11
0 20 14
0 21 15
0 21 15
0 22 17
0 24 18
0 25 18
0 25 18
0 26 19
0 25 19
0 25 19
0 25 19
0 24 20
1 23 18
1 22 18
0 21 17
0 20 16
0 22 17
0 22 17
0 23 18
0 23 18
0 23 18
0 23 18
0 24 19
0 24 19
0 23 18
0 25 20
0 26 20
0 26 20
0 26 20
0 26 20
0 27 20
0 26 19
0 27 19
0 27 19
0 26 19
0 27 21
0 24 18
0 22 16
0 19 15
0 21 16
0 21 16
1 21 16
0 21 16
0 22 17
0 22 17
0 23 17
0 22 16
0 22 17
2 21 16
0 21 16
0 22 17
0 22 17
0 22 17
0 22 17
0 22 17
0 23 17
0 25 18
0 25 18
0 24 17
0 22 16
0 20 15
0 23 17
0 22 17
1 23 17
0 25 19
0 25 19
0 27 20
0 27 20
0 27 20
0 26 19
0 27 20
0 27 20
0 25 18
0 24 17
0 24 17
0 25 18
0 25 18
0 25 18
1 25 18
0 26 19
0 26 19
0 26 19
0 25 19
0 24 19
1 24 19
0 23 18
0 24 18
1 25 19
0 27 21
0 27 21
0 27 21
0 27 21
0 27 21
0 27 21
1 24 19
0 28 22
0 28 21
0 27 20
0 29 21
0 29 21
0 30 22
0 30 22
0 29 22
0 30 22
0 31 22
0 30 21
0 27 19
0 24 17
0 26 19
1 28 21
0 29 22
1 28 22
