0 15 14
0 15 14
0 16 15
0 16 15
0 16 15
0 16 15
1 14 13
0 16 15
0 16 15
0 17 16
0 16 15
0 16 15
0 16 15
0 16 15
0 16 15
0 16 15
0 17 16
0 18 17
0 16 15
0 16 15
2 14 13
1 14 13
1 14 13
0 14 13
0 14 13
0 14 13
0 14 13
0 15 14
0 15 14
0 14 13
0 15 14
0 15 14
0 15 14
0 15 14
0 15 14
0 15 14
0 15 14
0 16 15
0 16 15
0 16 15
0 16 15
0 19 18
0 21 20
0 19 18
0 19 18
0 18 17
0 17 16
0 18 17
0 18 17
0 19 18
0 20 19
0 20 19
0 21 20
0 22 21
0 20 19
0 19 18
0 19 18
0 18 17
0 19 18
0 17 16
0 17 16
0 17 16
1 17 16
0 18 16
0 19 17
0 18 16
0 17 15
0 17 15
0 16 14
0 16 14
0 15 13
0 15 13
0 16 14
0 16 14
0 16 14
0 16 14
0 16 14
0 17 15
0 17 15
0 15 13
0 15 13
0 15 14
0 15 14
0 16 14
0 16 14
0 17 15
0 17 15
0 17 15
0 17 15
0 17 15
0 18 16
1 17 15
0 18 16
0 18 16
0 18 16
0 18 16
0 18 16
0 18 16
0 18 16
0 18 16
0 18 16
0 18 16
0 20 18
0 21 19
0 20 17
0 22 19
0 23 20
0 23 20
0 22 19
1 22 19
0 22 19
0 22 19
0 22 19
0 22 19
0 21 18
0 21 18
0 22 19
0 22 19
0 21 18
0 21 18
0 21 18
0 21 18
0 21 18
0 22 19
0 22 19
0 20 17
0 20 17
0 21 18
0 21 18
1 20 17
0 20 17
0 19 16
0 20 17
0 20 17
0 21 18
0 21 18
0 19 16
0 22 19
0 19 16
0 20 17
0 19 16
0 19 16
0 21 18
0 22 19
0 21 18
0 23 20
0 22 19
0 22 19
0 22 19
0 22 19
0 22 19
0 22 19
0 21 18
0 21 19
0 20 18
0 21 19
0 21 19
0 21 19
0 21 19
0 21 19
0 21 19
0 21 19
0 21 19
0 20 18
0 16 14
0 17 15
0 16 14
0 16 14
0 16 14
0 16 14
0 16 14
0 16 14
1 16 14
0 16 14
0 16 14
0 16 14
0 14 12
0 13 11
0 14 11
0 14 11
0 14 11
0 14 11
0 14 11
0 14 11
0 14 11
0 14 11
0 13 11
0 12 10
0 11 9
0 10 8
0 10 8
0 10 8
0 11 9
0 12 10
0 12 10
0 12 10
0 12 10
0 14 12
0 13 11
0 14 12
0 16 14
0 16 14
0 16 14
1 16 14
0 16 14
0 18 16
0 18 16
0 18 16
0 18 16
0 18 16
0 19 17
0 17 15
0 16 14
0 16 14
0 16 14
0 16 14
0 16 14
0 18 16
0 18 16
0 18 16
0 18 16
0 18 16
0 18 16
0 18 16
0 16 14
0 17 15
0 17 15
0 17 15
0 17 15
0 17 15
0 18 16
0 18 16
0 18 16
0 17 15
0 15 13
0 15 13
0 16 14
0 17 15
0 18 16
0 19 17
0 20 18
0 22 20
0 23 21
0 24 22
0 24 22
0 23 21
0 22 20
0 21 19
1 19 17
0 19 17
0 19 17
0 20 18
0 20 18
0 20 18
0 20 18
0 20 18
0 20 18
0 19 17
0 20 18
0 19 17
0 19 17
0 19 17
0 19 17
0 19 17
0 19 17
0 19 17
0 19 17
0 19 17
0 18 16
0 19 17
0 20 18
0 20 18
0 16 14
0 17 15
0 16 14
1 16 14
0 16 14
0 17 15
0 17 15
0 17 15
0 17 15
0 17 15
0 18 16
0 17 15
0 15 13
1 15 13
0 16 14
0 16 14
0 17 15
0 17 15
0 17 15
0 17 15
0 17 15
0 16 14
0 15 13
0 16 14
1 11 9
0 12 10
0 12 10
0 13 11
0 13 11
1 13 11
0 14 12
0 14 12
0 14 12
0 14 12
0 16 14
0 17 15
0 18 16
0 18 16
0 17 15
0 17 15
0 17 15
0 17 15
0 17 15
0 17 15
0 17 15
0 17 15
0 18 16
0 17 14
0 17 14
0 16 14
0 15 12
0 16 13
0 16 13
0 17 14
0 17 14
0 17 14
0 16 13
0 18 15
0 17 14
0 16 13
0 16 13
0 16 13
0 16 13
0 15 13
0 15 13
0 15 13
0 15 13
0 15 13
0 15 13
0 15 13
0 14 12
0 13 11
0 13 11
0 13 11
0 13 11
0 11 9
0 11 9
0 11 9
0 12 10
0 12 10
0 12 10
0 13 11
0 11 9
1 14 12
0 14 12
0 15 13
0 18 16
0 18 16
0 18 16
0 18 16
0 18 16
0 18 16
0 18 16
0 18 16
0 19 17
0 19 17
0 19 17
0 18 16
0 17 15
1 17 15
0 18 16
0 18 16
0 18 16
0 18 16
0 18 16
0 19 17
0 17 15
0 15 13
0 14 12
0 14 12
0 14 12
0 14 12
0 14 12
0 15 13
0 15 13
0 15 13
0 15 13
0 15 13
1 15 13
0 13 11
0 14 12
0 14 12
0 16 14
0 16 14
0 15 13
0 15 13
0 15 13
0 15 13
0 16 14
0 17 15
1 17 15
0 17 15
0 17 15
1 19 17
0 19 17
0 19 17
0 19 17
0 19 17
0 19 17
0 19 17
0 19 17
0 19 17
0 19 17
0 16 14
0 15 13
0 14 12
0 14 12
0 15 13
0 15 13
0 15 13
0 15 13
1 15 13
0 16 14
0 14 12
0 16 14
0 13 11
0 14 12
0 14 12
0 15 13
0 15 13
0 15 13
0 15 13
0 15 13
0 15 13
0 16 14
0 15 13
1 15 13
0 13 11
0 13 11
0 14 12
0 15 13
0 13 11
0 13 11
0 13 11
0 14 12
0 14 12
0 14 12
0 14 12
0 15 13
0 14 12
0 13 12
0 12 11
0 13 12
0 14 12
0 16 14
0 18 16
0 18 16
0 17 15
0 17 15
0 19 17
0 21 19
0 20 18
0 20 18
0 19 17
0 16 14
0 17 15
0 17 15
0 18 16
0 18 16
0 18 16
0 18 16
0 18 16
0 15 13
0 17 15
0 14 12
0 17 15
0 16 14
0 17 15
0 18 16
0 18 16
0 18 16
0 18 16
0 18 16
0 17 15
0 19 17
0 15 13
0 15 13
1 13 11
0 14 12
0 14 12
0 14 12
0 15 13
0 15 13
0 15 13
0 15 13
0 15 13
0 14 12
0 13 11
0 13 11
0 12 10
0 13 11
0 12 10
0 13 11
0 14 12
0 14 12
0 14 12
0 14 12
0 14 12
0 13 11
0 13 11
0 11 9
0 12 10
0 11 9
0 11 9
0 11 9
0 11 9
0 11 9
0 11 9
0 11 9
0 12 10
0 13 11
0 12 11
0 12 11
0 12 11
0 13 12
0 12 12
0 12 12
0 12 12
0 12 12
0 12 12
0 11 11
0 12 12
0 11 11
0 10 10
0 11 11
0 10 10
0 10 10
0 10 10
0 10 10
0 10 10
0 10 10
0 10 10
0 10 10
0 8 8
0 9 9
0 7 7
0 8 8
0 9 9
0 10 10
0 10 10
0 10 10
0 11 11
0 11 11
0 11 11
0 11 11
0 11 11
0 12 12
0 13 13
0 12 12
0 12 12
0 12 12
0 12 12
0 15 15
0 16 16
0 16 16
0 16 16
0 16 16
0 16 16
0 16 16
0 13 13
0 14 14
0 15 15
0 15 15
0 15 15
0 15 15
0 15 15
0 15 15
0 15 15
0 15 15
0 17 17
0 16 16
0 12 12
0 13 13
0 13 13
0 12 12
0 13 13
0 13 13
1 13 13
0 13 13
0 13 13
0 12 12
1 12 12
0 14 14
0 14 14
0 14 14
0 15 15
0 14 14
0 12 12
0 12 12
0 12 12
0 12 12
0 12 12
1 12 12
0 13 13
0 13 13
0 15 15
0 13 13
1 13 13
0 16 16
0 16 16
0 16 16
0 16 16
0 16 16
0 16 16
0 16 16
0 15 15
0 18 18
0 17 17
0 17 17
0 18 18
0 18 18
0 17 17
0 17 17
1 17 17
0 18 18
0 18 18
0 18 18
0 19 19
0 21 21
0 20 20
0 18 18
0 16 16
0 15 15
0 15 15
0 15 15
0 15 15
0 15 15
0 16 16
0 16 16
0 15 15
0 16 16
0 16 16
0 14 14
0 13 13
0 13 13
0 13 13
0 14 14
0 14 14
0 14 14
0 15 15
0 15 15
0 14 14
0 15 15
0 18 18
0 18 18
0 18 18
0 18 18
0 18 18
0 18 18
0 18 18
0 18 18
0 18 18
0 18 18
0 18 18
0 19 19
0 19 19
0 14 14
0 14 14
0 14 14
0 14 14
0 14 14
0 14 14
0 14 14
0 15 15
0 14 14
0 14 14
0 14 14
0 14 14
0 12 12
0 11 11
0 12 12
0 14 14
0 13 13
0 14 14
0 14 14
0 14 14
0 13 13
0 16 16
0 17 17
0 16 16
0 15 15
0 15 15
0 14 14
0 14 14
0 14 14
0 14 14
0 14 14
0 14 14
0 13 13
0 13 13
0 15 15
0 13 13
0 14 14
0 15 15
0 14 14
0 15 15
0 15 15
0 15 15
0 15 15
1 16 16
0 16 16
0 15 15
0 16 16
0 14 14
0 12 12
0 12 12
0 9 9
0 10 10
0 10 10
0 10 10
0 10 10
0 10 10
0 10 10
0 10 10
0 10 10
0 10 10
0 12 12
0 13 13
0 12 12
0 12 12
0 12 12
0 13 13
0 14 13
0 15 14
0 15 14
0 17 16
0 18 17
0 16 15
0 17 16
0 16 15
0 17 16
0 17 16
0 17 16
0 17 16
0 17 16
0 17 16
0 18 17
0 18 17
0 18 17
0 17 16
0 15 14
0 15 14
0 15 14
0 14 14
0 14 14
0 14 14
0 14 14
0 14 14
0 14 14
0 14 14
0 14 14
0 12 12
0 13 13
0 12 12
0 13 13
0 13 13
0 13 13
0 13 13
0 13 13
0 13 13
0 13 13
0 13 13
0 13 13
0 15 15
1 11 11
1 11 11
0 11 11
0 11 11
0 11 11
0 11 11
0 11 11
1 11 11
0 12 12
0 13 13
0 15 15
0 16 16
0 16 16
0 16 16
0 17 17
0 17 17
0 17 17
0 17 17
0 18 18
0 19 19
0 20 20
0 20 20
0 20 20
0 20 20
0 16 16
0 16 16
0 16 16
0 17 17
0 17 17
0 17 17
0 17 17
1 18 18
0 18 18
0 18 18
0 17 17
0 18 18
0 17 17
0 17 17
0 17 17
0 17 17
0 17 17
0 18 18
0 19 19
0 20 19
0 20 19
0 21 20
0 21 20
0 19 18
0 19 18
0 19 18
0 19 18
0 22 20
0 22 20
0 22 20
0 22 20
0 22 20
0 22 20
0 23 21
0 20 18
0 19 17
0 19 17
0 18 16
0 19 17
0 19 17
0 19 17
0 19 17
0 19 17
0 19 17
0 17 15
0 17 15
0 16 14
0 16 14
0 15 13
0 14 13
0 15 14
0 15 14
0 16 15
0 16 15
0 16 15
0 16 15
0 16 15
0 16 15
0 18 17
0 17 16
0 14 13
1 14 13
0 15 14
0 15 14
0 15 14
0 15 14
0 15 14
0 15 14
0 15 14
0 15 14
0 16 15
0 14 14
0 15 15
0 14 14
0 13 13
0 13 13
0 13 13
0 13 13
0 14 14
0 14 14
0 15 14
1 14 13
0 15 14
0 14 13
0 15 14
0 14 13
0 14 13
0 14 13
0 14 13
0 15 14
0 15 14
0 15 14
0 15 14
0 16 15
0 14 13
0 11 11
0 13 13
0 12 12
0 12 12
0 12 12
0 12 12
0 11 11
0 11 11
0 12 12
0 12 12
0 12 12
0 11 11
0 13 13
0 11 11
0 10 10
0 9 9
0 8 8
0 9 9
0 9 9
0 10 10
0 10 10
0 10 10
0 10 10
0 12 12
0 9 9
0 7 7
0 9 9
0 9 9
0 9 9
0 9 9
0 9 9
0 9 9
0 9 9
0 9 9
0 8 8
0 8 8
0 8 8
0 8 8
0 8 8
0 8 8
0 8 8
0 9 9
0 10 10
0 10 10
0 10 10
0 10 10
0 11 11
0 14 14
0 13 13
0 14 14
0 14 14
0 15 15
0 15 15
0 15 15
0 15 15
0 15 15
0 15 15
0 16 16
0 16 16
0 17 17
0 18 18
0 16 16
0 16 16
0 17 17
0 18 18
0 18 18
0 18 18
0 19 19
0 19 19
0 20 20
0 20 20
0 21 21
0 18 18
0 17 17
0 15 15
0 15 15
0 15 15
0 15 15
0 15 15
0 16 16
0 16 16
0 16 16
1 17 17
0 17 17
0 16 16
0 16 16
0 15 15
0 14 14
0 15 15
0 16 16
0 16 16
0 15 15
0 15 15
0 15 15
0 15 15
1 17 17
0 15 15
0 14 14
0 14 14
0 14 14
0 16 16
0 17 17
0 18 18
0 18 18
0 18 18
0 18 18
0 18 18
0 17 17
1 14 14
0 13 13
0 12 12
0 12 12
0 12 12
0 12 12
0 12 12
0 12 12
0 12 12
0 12 12
0 12 12
0 12 12
0 12 12
0 11 11
0 11 11
0 11 11
0 11 11
0 11 11
0 11 11
0 11 11
0 11 11
0 10 10
0 11 11
0 13 13
0 11 11
0 12 12
0 16 16
0 16 16
0 16 16
0 16 16
0 18 18
0 18 18
0 18 18
0 18 18
0 17 17
0 19 19
0 16 16
0 19 19
0 21 21
0 19 19
0 19 19
0 19 19
0 20 20
0 20 20
0 21 21
1 20 20
0 22 22
0 22 22
0 21 21
0 17 17
0 17 17
0 17 17
1 17 17
0 17 17
0 17 17
0 17 17
0 18 18
0 18 18
0 18 18
0 17 17
0 15 15
0 14 14
0 12 12
0 12 12
0 12 12
0 12 12
0 12 12
0 12 12
0 12 12
0 12 12
0 13 13
0 14 14
0 13 13
0 13 13
0 14 14
0 13 13
0 12 12
0 12 12
0 12 12
0 12 12
0 12 12
0 12 12
0 12 12
0 13 13
0 13 13
0 12 12
0 13 13
0 14 14
0 15 15
0 15 15
0 14 14
0 14 14
0 15 15
0 14 14
0 14 14
0 15 15
0 13 13
0 12 12
0 11 11
0 11 11
0 11 11
0 11 11
0 11 11
0 11 11
0 11 11
0 11 11
0 10 10
0 11 11
0 13 13
0 12 12
0 11 11
0 13 13
0 13 13
0 13 13
0 13 13
0 13 13
0 13 13
0 13 13
0 13 13
0 14 14
0 14 14
0 16 16
0 16 16
0 17 17
0 17 17
0 17 17
0 17 17
0 17 17
0 17 17
0 17 17
0 18 18
0 19 19
0 16 16
0 13 13
0 14 14
0 15 15
0 15 15
0 15 15
0 15 15
0 15 15
0 15 15
0 15 15
0 15 15
0 14 14
0 12 12
0 11 11
0 12 12
0 12 12
0 13 13
0 13 13
0 13 13
0 14 14
0 15 15
0 15 15
0 15 15
0 15 15
0 14 14
0 13 13
0 13 13
1 13 13
0 13 13
0 14 14
0 14 14
0 14 14
0 14 14
0 14 14
0 13 13
0 12 12
0 10 10
0 10 10
0 11 11
1 11 11
0 11 11
0 11 11
0 11 11
0 11 11
0 11 11
0 11 11
0 11 11
0 11 11
0 10 10
0 11 11
0 11 11
0 11 11
0 11 11
0 11 11
0 12 12
0 12 12
0 12 12
0 12 12
0 12 12
0 13 13
0 11 11
0 12 12
0 13 13
0 15 15
0 15 15
1 15 15
0 17 17
0 17 17
0 16 16
0 16 16
0 16 16
0 16 16
0 16 16
0 16 16
0 19 19
0 19 19
0 18 18
0 18 18
0 18 18
0 18 18
0 18 18
0 18 18
0 19 19
0 21 21
0 20 20
0 17 17
0 16 16
0 16 16
0 16 16
0 16 16
0 16 16
0 16 16
0 17 17
0 17 17
0 17 17
0 18 18
0 18 18
0 16 16
0 16 16
0 18 18
0 18 18
0 18 18
0 18 18
0 18 18
0 18 18
0 18 18
0 16 16
0 17 17
0 18 18
0 17 17
0 18 18
0 19 19
0 19 19
0 19 19
0 19 19
0 19 19
0 19 19
0 19 19
0 20 20
0 19 19
0 17 17
0 16 16
0 14 14
0 14 14
0 14 14
0 14 14
0 15 15
0 15 15
0 15 15
0 15 15
0 15 15
0 15 15
0 15 15
0 15 14
0 16 15
0 16 15
0 16 15
0 16 15
0 16 15
0 16 15
0 16 15
0 16 15
0 17 16
0 15 15
0 16 16
0 16 16
0 19 19
0 19 19
0 19 19
0 19 19
0 19 19
0 19 19
0 19 19
0 19 19
0 18 18
0 20 20
0 19 19
0 19 19
0 19 19
0 19 19
0 19 19
0 20 19
0 20 19
0 20 19
0 20 19
0 20 19
0 21 20
0 23 22
0 22 21
0 19 18
0 22 21
0 22 21
0 21 20
0 21 20
0 21 20
0 21 20
0 21 20
0 20 19
0 21 20
0 22 21
0 20 19
0 19 18
0 21 20
0 20 19
0 20 19
0 19 18
0 19 18
0 19 18
0 19 18
0 19 18
0 19 18
0 20 19
0 18 17
0 19 18
0 21 20
0 24 23
0 24 23
0 25 24
0 24 23
0 25 24
0 25 24
0 25 24
0 24 23
1 21 20
0 20 19
0 20 19
0 23 22
0 23 22
0 22 21
0 22 21
0 22 21
0 22 21
0 22 21
0 22 21
0 22 21
0 22 21
0 19 18
0 16 15
0 17 16
0 17 16
1 14 13
0 15 14
0 15 14
0 16 15
0 16 15
0 16 15
0 15 14
0 18 17
0 18 17
0 21 20
0 22 21
0 21 20
0 22 21
0 22 21
0 22 21
0 22 21
0 22 21
0 21 20
0 21 20
0 25 24
0 22 21
0 19 18
0 21 21
0 23 23
0 23 23
0 23 23
0 23 23
0 23 23
0 23 23
0 22 22
0 22 22
0 24 24
0 24 24
0 25 25
0 24 24
0 23 23
0 23 23
0 24 23
0 24 23
0 24 23
0 24 23
0 23 22
0 21 20
0 21 20
0 18 17
0 20 19
0 20 19
0 19 18
0 17 16
0 17 16
0 16 15
0 18 17
0 19 18
0 19 18
0 19 18
1 20 19
0 18 17
0 16 16
0 17 17
0 20 19
0 20 19
0 20 19
0 21 20
0 21 20
1 21 20
0 21 20
0 22 21
0 22 21
0 21 20
0 19 18
0 18 17
0 18 17
0 17 16
0 18 17
0 18 17
0 18 17
0 18 17
0 19 18
0 19 18
0 19 18
0 19 18
0 19 19
0 19 19
0 20 20
0 21 21
0 22 22
0 22 22
0 22 22
0 22 22
0 22 22
0 22 22
0 22 22
0 19 19
0 19 19
0 19 19
0 19 19
0 18 18
0 18 18
0 18 18
0 18 18
0 18 18
0 18 18
0 19 19
0 19 19
1 20 20
0 23 23
0 23 23
0 24 24
0 23 23
0 23 23
0 22 22
0 22 22
0 22 22
0 22 22
0 22 22
0 23 23
0 19 19
0 17 17
0 19 19
0 19 19
0 19 19
0 20 20
0 20 20
0 20 20
0 20 20
0 20 20
0 19 19
0 17 17
0 19 19
0 20 20
0 20 20
0 21 21
1 21 21
0 23 23
0 23 23
0 23 23
0 23 23
0 23 23
0 23 23
0 24 24
0 23 23
0 21 21
0 22 22
0 23 23
0 22 22
0 22 22
0 23 23
0 23 23
0 23 23
0 23 23
0 23 23
0 22 22
0 22 22
0 18 18
0 17 17
0 17 17
0 17 17
0 18 18
0 18 18
0 19 19
0 19 19
0 19 19
0 18 18
0 17 17
0 17 17
0 16 16
0 16 16
0 15 15
0 14 14
0 14 14
0 14 14
0 14 14
0 14 14
0 15 15
0 14 14
0 17 17
0 17 17
0 18 18
0 19 19
0 20 20
0 21 21
0 21 21
0 21 21
0 21 21
0 21 21
0 21 21
0 22 22
0 24 24
0 21 21
1 19 19
0 20 20
0 19 19
0 19 19
0 20 20
0 20 20
1 21 21
0 23 22
0 23 22
0 22 21
0 23 22
0 24 23
0 24 23
0 22 21
0 23 22
0 23 22
0 24 23
0 24 23
0 24 23
0 24 23
0 23 22
0 23 22
0 22 21
0 24 23
0 25 24
0 24 23
0 26 25
0 25 24
0 25 24
0 26 25
0 26 25
0 26 25
0 26 25
0 26 25
0 25 24
0 22 21
0 21 20
1 23 22
0 23 22
0 24 23
0 25 24
0 25 24
0 25 24
0 26 25
0 26 25
0 26 25
0 25 24
0 23 22
0 16 15
0 16 15
0 15 15
0 15 15
0 16 16
0 16 16
0 16 16
0 16 16
0 16 16
0 16 16
0 16 16
0 18 18
0 18 18
0 18 18
0 18 18
0 19 19
0 19 19
0 19 19
0 19 19
0 19 19
0 19 19
0 18 18
0 19 19
0 18 18
0 16 16
0 18 18
0 17 17
0 17 17
0 17 17
0 17 17
0 18 18
0 18 18
0 18 18
0 19 19
0 19 19
0 22 22
0 21 21
0 23 23
0 23 23
0 23 23
0 23 23
0 23 23
0 24 24
0 23 23
0 22 22
0 22 22
0 23 23
0 22 22
0 22 22
1 21 21
0 23 23
0 23 23
0 23 23
0 23 23
0 24 24
0 24 24
0 23 23
0 21 21
0 22 22
0 25 25
0 25 25
0 26 26
0 27 27
0 27 27
0 27 27
0 27 27
0 27 27
0 27 27
0 27 27
0 24 24
0 27 27
0 27 27
0 25 25
0 27 27
0 27 27
0 27 27
0 27 27
0 27 27
0 27 27
0 27 27
0 27 27
0 27 27
0 27 27
0 26 26
0 24 24
0 22 22
0 22 22
0 21 21
0 22 22
0 23 23
0 23 23
0 24 24
0 24 24
0 24 24
0 24 24
0 21 21
0 20 20
0 20 20
0 20 20
0 21 21
0 21 21
0 21 21
0 21 21
0 21 21
0 21 21
0 20 20
0 20 20
0 21 21
0 20 20
0 20 20
0 21 21
0 21 21
0 23 22
0 23 22
0 23 22
0 23 22
0 24 23
0 25 24
0 24 23
0 24 23
0 22 21
0 22 21
0 21 20
0 21 20
0 22 21
0 22 21
0 22 21
0 22 21
0 22 21
0 24 23
0 20 20
0 23 23
0 23 23
0 22 22
0 22 22
0 22 22
0 22 22
0 22 22
0 22 22
0 22 22
0 22 22
0 23 23
0 22 22
0 23 23
0 24 24
0 24 24
0 25 25
0 25 25
0 25 25
0 25 25
0 25 25
0 25 25
0 25 25
0 24 24
0 27 27
0 25 25
0 25 25
0 24 24
0 28 28
0 28 28
0 28 28
0 28 28
0 28 28
0 28 28
0 28 28
0 28 28
0 27 27
0 23 23
0 24 24
0 24 24
0 26 26
0 26 26
0 27 27
0 27 27
0 27 27
0 27 27
0 26 26
0 25 25
0 26 26
0 24 24
0 25 25
0 24 24
0 23 23
0 23 23
0 22 22
0 22 22
0 23 23
0 23 23
0 22 22
0 24 24
0 26 26
0 25 25
1 25 25
0 26 26
0 27 27
0 27 27
0 27 27
0 27 27
0 27 27
0 27 27
0 27 27
0 26 26
0 28 28
0 27 27
0 25 25
0 25 25
0 28 28
0 28 28
0 28 28
1 29 29
0 30 30
0 30 30
0 29 29
0 30 30
0 29 29
0 29 29
0 27 27
0 26 26
0 26 26
0 26 26
0 26 26
0 26 26
0 26 26
0 27 27
0 27 27
0 24 24
1 24 24
0 26 26
0 28 28
0 27 27
0 28 28
0 29 29
0 29 29
0 29 29
0 29 29
0 30 30
0 29 29
0 28 28
0 31 31
0 27 27
0 27 27
0 28 28
0 28 28
0 29 29
0 27 27
0 27 27
0 27 27
0 27 27
0 27 27
0 27 27
0 26 26
0 26 26
0 24 24
0 22 22
0 22 22
0 22 22
0 22 22
0 22 22
0 23 23
0 23 23
0 23 23
0 24 24
0 24 24
0 23 23
0 22 22
0 20 20
0 19 19
0 19 19
0 20 20
0 20 20
0 20 20
0 20 20
0 20 20
0 21 21
0 19 19
0 19 19
0 18 18
0 18 18
0 17 17
0 16 16
0 16 16
0 16 16
0 16 16
0 16 16
0 16 16
0 17 17
0 20 20
0 19 19
0 20 20
0 20 20
0 22 22
0 22 22
0 22 22
0 22 22
0 22 22
0 22 22
0 22 22
0 23 23
0 25 25
0 23 23
0 22 22
0 24 24
0 25 25
0 25 25
0 25 25
0 26 26
0 26 26
0 27 27
0 25 25
0 25 25
0 25 25
0 26 26
0 28 28
0 28 28
1 26 26
0 27 27
0 26 26
0 26 26
0 26 26
0 26 26
0 26 26
0 25 25
0 26 26
0 27 27
0 27 27
0 27 27
0 28 28
0 26 26
0 28 28
0 29 29
0 29 29
0 29 29
0 29 29
0 28 28
0 27 27
0 23 23
0 22 22
0 18 18
0 18 18
0 18 18
0 18 18
0 18 18
0 18 18
0 18 18
0 18 18
0 18 18
0 19 19
0 17 17
0 17 17
0 17 17
0 17 17
0 18 18
0 17 17
0 17 17
0 18 18
0 18 18
0 18 18
0 19 19
0 19 19
0 19 19
0 19 19
0 20 20
0 20 20
0 21 21
0 21 21
0 21 21
0 21 21
0 21 21
0 20 20
0 22 22
0 21 21
0 20 20
0 20 20
0 22 22
0 22 22
0 23 23
0 23 23
0 24 24
0 24 24
0 25 25
0 24 24
0 24 24
0 25 25
0 25 25
0 23 23
0 24 24
0 23 23
0 22 22
0 22 22
0 22 22
0 22 22
0 22 22
0 21 21
0 22 22
0 21 21
0 19 19
0 19 19
0 20 20
0 22 22
0 23 23
0 23 23
0 23 23
0 23 23
0 23 23
0 23 23
0 24 24
0 23 23
0 21 21
0 21 21
1 23 23
0 23 23
0 23 23
0 23 23
0 23 23
0 23 23
0 23 23
0 23 23
0 23 23
0 21 21
0 18 18
0 17 17
0 18 18
0 18 18
0 18 18
0 18 18
0 18 18
0 18 18
0 18 18
0 19 19
0 18 18
0 16 16
0 14 14
0 13 13
0 13 13
0 12 12
0 12 12
0 13 13
0 14 14
0 14 14
0 15 15
0 15 15
0 15 15
0 16 16
0 13 13
1 11 11
1 11 11
0 12 12
0 12 12
1 13 13
0 15 15
0 15 15
0 15 15
0 15 15
0 17 16
0 16 15
0 17 16
0 18 17
1 18 17
0 21 20
0 21 20
0 22 21
0 22 21
0 22 21
0 22 21
0 23 22
0 24 23
0 24 23
0 19 18
0 19 19
0 21 21
0 19 19
0 19 19
0 19 19
0 19 19
0 19 19
0 19 19
0 19 19
0 19 19
0 19 19
0 19 19
0 20 20
0 19 19
0 20 20
0 19 19
0 21 21
0 21 21
0 21 21
0 21 21
0 21 21
0 22 22
0 23 23
0 20 20
0 17 17
0 17 17
0 19 18
0 20 19
0 20 19
0 19 18
0 19 18
0 19 18
0 20 19
0 19 18
0 20 19
0 20 19
0 17 16
0 17 16
0 17 16
0 17 16
0 18 17
0 18 17
0 18 17
0 18 17
0 18 17
0 20 19
0 21 20
0 17 16
0 16 15
0 17 16
0 16 15
0 16 15
0 16 15
0 16 15
0 16 15
0 17 16
0 17 16
0 17 16
0 19 18
0 16 16
0 17 17
0 17 17
0 18 18
0 18 18
0 19 19
0 19 19
0 19 19
0 19 19
0 19 19
0 18 18
0 19 19
0 19 19
0 18 18
0 16 16
0 18 18
0 18 18
0 18 18
0 19 19
0 20 20
0 20 20
0 19 19
0 21 21
0 21 21
0 20 20
0 19 19
0 18 18
0 18 18
0 18 18
0 19 19
0 20 20
0 20 20
0 20 20
0 20 20
0 19 19
0 21 21
0 21 21
0 21 21
0 23 23
0 24 24
0 21 21
0 21 21
0 21 21
0 20 20
0 20 20
0 20 20
0 20 20
0 21 21
0 20 20
0 22 22
0 20 20
0 21 21
0 22 22
0 22 22
0 22 22
0 22 22
0 24 24
0 24 24
0 25 25
0 23 23
0 22 22
0 24 24
0 23 23
0 23 23
0 22 22
0 22 22
0 22 22
0 22 22
0 22 22
0 22 22
0 22 22
0 22 22
0 20 20
0 19 19
0 19 19
0 20 20
0 19 19
0 20 20
0 20 20
0 20 20
0 20 20
0 20 20
0 21 21
0 22 22
0 22 22
0 24 24
0 24 24
0 22 22
0 22 22
0 22 22
0 22 22
0 23 23
0 23 23
0 23 23
0 23 23
0 24 24
0 19 19
0 18 18
0 17 17
0 19 19
0 20 20
0 20 20
0 21 21
0 21 21
0 21 21
0 20 20
0 22 22
0 22 22
0 18 18
0 15 15
0 16 16
0 15 15
0 14 14
0 16 16
0 16 16
0 17 17
0 17 17
0 17 17
0 17 17
0 16 16
0 18 18
0 15 15
0 16 16
0 19 19
0 19 19
0 20 20
0 20 20
0 20 20
0 20 20
0 19 19
0 20 20
0 22 22
0 19 19
0 19 19
1 19 19
0 20 20
0 20 20
0 20 20
0 20 20
0 20 20
0 20 20
0 20 20
0 20 20
0 19 19
0 19 19
0 17 17
0 17 17
0 18 18
0 18 18
0 18 18
0 19 18
0 19 18
0 19 18
0 19 18
0 18 17
0 19 18
0 16 15
0 15 14
0 15 14
0 15 14
0 15 14
0 15 14
0 15 14
0 15 14
0 15 14
0 14 13
0 14 13
0 14 13
0 12 12
0 14 14
0 15 15
0 15 15
0 15 15
0 15 15
0 15 15
0 16 16
0 17 17
0 17 17
0 17 17
0 18 18
0 19 19
0 19 19
0 22 22
0 22 22
0 22 22
0 22 22
0 22 22
0 22 22
0 22 22
0 22 22
0 22 22
0 21 21
0 18 18
0 18 18
0 18 18
0 18 18
0 18 18
0 18 18
0 18 18
0 18 18
0 18 18
0 18 18
0 18 18
0 18 18
0 17 17
0 18 18
0 19 19
0 18 18
0 18 18
0 18 18
0 18 18
0 18 18
0 18 18
0 18 18
0 18 18
0 18 18
0 18 18
0 18 18
0 17 17
0 17 17
0 17 17
0 17 17
0 18 18
0 19 19
0 19 19
0 19 19
0 19 19
2 18 18
0 18 18
0 16 16
0 16 16
0 16 16
0 17 17
0 17 17
0 17 17
0 17 17
0 17 17
0 17 17
0 18 18
0 18 18
0 18 18
0 19 19
0 19 19
0 19 19
0 19 19
0 19 19
0 19 19
0 19 19
0 18 18
0 18 18
0 18 18
0 18 18
0 17 17
1 16 16
0 18 18
0 19 19
0 19 19
0 21 21
0 22 22
0 26 25
0 26 25
0 26 25
0 24 23
0 24 23
0 24 23
0 25 24
0 25 24
0 26 25
0 26 25
0 25 24
0 25 24
0 25 24
0 25 24
0 25 24
0 23 22
0 23 22
0 22 21
0 21 21
0 19 19
0 19 19
0 19 19
0 19 19
0 20 20
0 20 20
0 20 20
0 18 18
0 17 17
0 16 16
0 15 15
0 17 17
0 17 17
0 18 18
0 17 17
0 17 17
0 17 17
0 17 17
0 17 17
0 17 17
0 17 17
0 17 17
0 16 16
0 15 15
0 16 16
0 16 16
0 17 17
0 17 17
0 17 17
0 18 18
0 18 18
0 17 17
0 17 17
0 17 17
0 18 18
0 17 17
0 15 15
0 14 14
0 14 14
0 14 14
0 14 14
0 14 14
0 14 14
0 13 13
0 13 13
0 14 14
0 14 14
0 12 12
0 12 12
0 13 13
0 13 13
0 13 13
0 13 13
0 13 13
0 13 13
0 14 14
0 14 14
0 14 14
0 12 12
0 12 12
0 13 13
0 13 13
0 15 15
0 15 15
0 15 15
0 15 15
0 15 15
0 16 16
0 16 16
0 17 17
0 18 18
0 19 19
0 20 20
0 19 19
0 20 20
0 20 20
0 20 20
0 20 20
0 20 20
0 20 20
0 20 20
0 19 19
0 16 16
0 18 18
0 19 19
0 20 20
0 21 21
0 20 20
0 20 20
0 19 19
0 20 20
0 20 20
0 20 20
0 19 19
0 21 21
0 18 18
0 16 16
1 17 17
0 18 18
0 18 18
0 16 16
0 16 16
0 17 17
0 17 17
0 17 17
0 18 18
0 20 20
0 19 19
0 16 16
0 16 16
0 16 16
0 16 16
0 16 16
0 16 16
0 16 16
0 16 16
0 15 15
0 15 15
0 13 13
0 13 13
0 11 11
0 11 11
0 11 11
0 11 11
0 11 11
0 11 11
0 11 11
0 11 11
0 11 11
0 11 11
0 12 12
0 12 12
0 12 12
0 12 12
0 12 12
0 13 13
0 13 13
0 13 13
0 13 13
0 13 13
0 13 13
0 13 13
0 15 15
0 16 16
0 16 16
0 16 16
0 16 16
0 16 16
0 16 16
0 16 16
0 15 15
0 14 14
0 15 15
0 14 14
1 14 14
0 14 14
0 13 13
0 13 13
0 12 12
0 12 12
0 12 12
0 11 11
0 12 12
0 12 12
0 13 13
0 16 16
0 15 15
0 13 13
0 13 13
0 14 14
0 14 14
0 14 14
0 15 15
0 15 15
0 15 15
0 15 15
0 16 16
0 15 15
0 17 17
1 18 18
0 18 18
0 20 20
0 20 20
0 21 20
0 21 20
0 20 19
0 20 19
0 20 19
0 20 19
0 19 19
0 17 17
0 18 18
0 16 16
0 15 15
0 15 15
0 15 15
0 15 15
0 15 15
0 15 15
0 15 15
0 15 15
0 13 13
0 12 12
0 11 11
0 11 11
0 12 12
0 13 13
0 13 13
0 14 14
0 14 14
0 14 14
0 14 14
0 13 13
0 14 14
0 14 14
1 13 13
0 15 15
0 15 15
0 15 15
0 15 15
0 16 16
0 16 16
0 16 16
0 15 15
0 19 19
0 19 19
0 18 18
0 16 16
0 15 15
0 15 15
0 15 15
0 15 15
0 15 15
0 15 15
0 15 15
1 15 15
0 17 17
0 17 17
0 17 17
0 17 17
0 18 18
0 18 18
0 18 18
0 18 18
0 18 18
0 18 18
0 17 17
0 17 17
0 18 18
0 18 18
0 18 18
0 18 18
0 18 18
0 18 18
0 20 20
0 20 20
0 20 20
0 20 20
0 20 20
0 21 21
0 21 21
0 23 23
0 22 22
0 21 21
0 22 22
0 23 23
0 22 22
0 25 25
0 25 25
0 25 25
0 25 25
0 24 24
0 23 23
0 26 26
0 24 24
0 25 25
0 24 24
0 23 23
0 22 22
0 22 22
0 22 22
0 23 23
0 23 23
0 23 23
0 22 22
0 22 22
0 21 21
0 18 18
0 18 18
0 18 18
0 18 18
1 18 18
0 19 19
0 19 19
0 19 19
0 19 19
0 19 19
0 21 21
0 21 21
0 21 21
0 21 21
0 21 21
0 21 21
0 21 21
0 23 23
0 23 23
0 23 23
0 23 23
0 21 21
0 23 23
0 23 23
0 21 21
0 19 19
0 20 20
0 21 20
0 21 20
0 21 20
0 21 20
0 20 19
0 20 19
0 20 19
0 22 21
0 21 20
0 21 20
0 21 20
0 22 21
0 21 20
0 21 20
0 21 20
0 21 20
0 21 20
0 21 20
0 22 21
0 24 23
0 25 24
0 24 23
0 23 22
0 23 22
0 23 22
0 23 22
0 23 22
0 23 22
0 23 22
0 23 22
0 22 21
0 21 20
0 19 19
0 15 15
0 18 18
0 16 16
0 16 16
0 16 16
0 16 16
0 16 16
0 16 16
0 15 15
0 15 15
0 17 17
0 17 17
0 16 16
0 18 18
0 19 19
1 19 19
0 21 21
0 21 21
0 21 21
0 21 21
0 21 21
0 21 21
0 21 21
0 19 19
0 18 18
0 17 17
0 19 19
0 19 19
0 19 19
0 19 19
0 19 19
0 19 19
0 19 19
0 19 19
0 18 18
0 17 17
0 17 17
0 18 18
0 19 19
0 19 19
0 19 19
0 19 19
0 19 19
0 19 19
0 18 18
0 19 19
0 21 21
0 20 20
0 19 19
0 19 19
0 20 20
0 21 21
0 20 20
0 20 20
0 20 20
0 20 20
0 20 20
0 18 18
0 20 20
0 16 16
0 17 17
0 18 18
0 20 20
0 19 19
0 20 20
0 20 20
0 20 20
0 21 21
0 21 21
0 20 20
0 22 22
0 22 22
0 22 22
0 21 21
0 21 21
0 19 19
0 18 18
0 17 17
0 18 18
0 18 18
0 18 18
0 19 19
0 21 21
0 19 19
0 18 18
0 18 18
0 18 18
0 16 16
0 17 17
0 17 17
0 17 17
0 17 17
0 17 17
0 17 17
0 19 19
0 19 19
0 18 18
0 19 19
0 19 19
0 17 17
0 17 17
0 18 18
0 18 18
0 18 18
0 18 18
0 18 18
0 18 18
0 15 15
0 15 15
0 15 15
0 14 14
0 14 14
0 14 14
0 14 14
0 14 14
0 14 14
0 14 14
0 14 14
0 15 15
0 16 16
0 15 15
0 17 17
0 17 17
0 17 17
0 17 17
0 17 17
0 17 17
0 16 16
0 16 16
0 15 15
0 15 15
0 17 17
0 13 13
0 14 14
0 14 14
0 15 15
0 15 15
0 16 16
0 16 16
0 17 17
0 17 17
0 17 17
0 19 19
1 19 19
0 18 18
0 18 18
0 19 19
0 19 19
0 19 19
0 19 19
1 19 19
0 19 19
0 18 18
0 18 18
0 21 21
0 20 20
0 21 21
0 21 21
0 22 22
1 22 22
0 23 22
0 23 22
0 23 22
0 23 22
0 23 22
0 22 21
0 19 18
0 21 20
0 19 18
0 19 18
0 19 18
0 19 18
0 19 18
0 20 19
0 20 19
0 20 19
0 19 18
0 19 18
0 19 18
0 19 18
0 17 16
0 17 16
0 17 16
0 17 16
0 16 15
0 16 15
0 17 16
0 17 16
0 17 16
0 17 16
0 16 15
1 15 14
1 16 15
0 17 16
0 16 15
0 16 15
0 17 16
0 17 16
0 17 16
0 17 16
0 18 17
0 18 17
0 16 15
0 16 15
1 15 14
0 15 14
0 15 14
0 16 15
0 16 15
0 16 15
0 16 15
0 16 15
0 16 15
0 16 15
0 19 18
0 18 17
1 18 18
0 19 19
0 20 20
0 20 20
0 21 21
0 21 21
0 21 21
0 21 21
0 20 20
0 20 20
1 20 20
0 20 20
0 20 20
0 21 21
0 22 22
0 23 23
0 23 23
0 22 22
0 22 22
0 22 22
0 23 23
0 23 23
0 23 23
0 24 24
0 21 21
0 21 21
0 20 20
0 19 19
0 19 19
0 18 18
0 18 18
0 18 18
0 18 18
0 17 17
0 17 17
0 16 16
0 16 16
0 17 17
0 19 19
0 20 20
0 20 20
0 20 20
0 20 20
0 20 20
0 20 20
0 21 21
0 20 20
0 19 19
0 19 19
0 19 19
0 19 19
0 19 19
0 19 19
0 19 19
0 19 19
0 19 19
0 19 19
0 19 19
0 19 19
0 15 15
0 14 14
0 14 14
0 15 15
0 16 16
0 16 16
0 16 16
0 16 16
0 16 16
0 16 16
0 16 16
0 16 16
0 15 15
0 14 14
0 14 14
0 15 15
0 16 16
0 17 17
0 17 17
0 18 18
0 18 18
0 18 18
0 19 19
0 15 15
0 15 15
0 18 18
0 18 18
0 19 19
0 19 19
0 19 19
0 19 19
0 19 19
0 19 19
0 19 19
0 19 19
0 19 19
0 16 16
0 19 19
0 16 16
0 18 18
0 18 18
0 18 18
0 18 18
0 18 18
0 19 19
0 19 19
0 19 19
0 18 18
0 16 16
0 13 13
0 13 13
0 14 14
0 15 15
0 15 15
0 15 15
0 16 16
0 16 16
0 15 15
0 15 15
0 14 14
0 14 14
0 17 17
1 17 17
0 17 17
1 18 18
0 19 19
0 19 19
0 19 19
0 19 19
0 19 19
0 19 19
0 19 19
0 15 15
0 16 16
0 19 19
0 20 20
0 21 21
0 20 20
0 20 20
0 20 20
0 20 20
0 20 20
0 20 20
0 17 17
0 18 18
0 17 17
0 17 17
0 16 16
0 16 16
0 16 16
0 16 16
0 16 16
0 16 16
0 16 16
0 16 16
0 17 17
0 13 13
0 12 12
0 12 12
0 12 12
0 12 12
0 12 12
0 14 14
0 14 14
0 14 14
0 14 14
0 15 15
0 17 17
0 15 15
1 17 17
0 19 19
1 19 19
0 20 20
0 20 20
0 20 20
0 20 20
0 20 20
0 20 20
0 20 20
0 23 23
0 21 21
0 18 18
0 18 18
0 18 18
0 18 18
0 18 18
0 18 18
1 18 18
0 19 19
0 18 18
0 16 16
0 17 17
0 18 18
0 19 19
1 14 14
0 17 17
0 17 17
0 17 17
0 17 17
0 18 18
0 18 18
0 18 18
0 18 18
0 19 19
0 17 17
0 16 16
0 16 16
0 14 14
0 15 15
0 15 15
0 15 15
0 15 15
0 15 15
0 13 13
0 13 13
0 14 14
0 12 12
0 12 12
0 14 14
0 16 16
0 16 16
0 16 16
0 16 16
0 16 16
0 16 16
0 16 16
1 16 16
0 18 18
0 18 18
0 16 16
0 18 18
0 20 20
0 20 20
0 20 20
0 21 21
0 21 21
0 21 21
0 21 21
0 20 20
0 20 20
0 19 19
0 18 18
0 18 18
0 18 18
0 18 18
0 18 18
0 18 18
0 18 18
0 18 18
0 17 17
0 17 17
0 15 15
0 15 15
0 19 19
0 18 18
0 19 19
0 19 19
0 19 19
0 20 20
0 21 21
0 21 21
0 20 20
0 20 20
0 23 23
0 21 21
0 18 18
0 18 18
0 17 17
0 17 17
0 18 18
0 19 19
0 19 19
0 19 19
0 21 21
0 21 21
0 20 20
0 19 19
0 19 19
0 20 20
0 21 21
1 19 19
0 20 20
0 20 20
0 20 20
0 20 20
0 21 21
0 21 21
0 21 21
0 20 20
0 20 20
0 20 20
0 20 20
0 21 21
0 21 21
0 21 21
0 21 21
0 21 21
0 21 21
0 23 23
0 22 22
0 20 20
0 22 22
0 21 21
0 21 21
0 21 21
0 21 21
0 21 21
0 22 22
0 22 22
0 22 22
0 23 23
0 24 24
0 25 25
1 23 23
0 22 22
0 23 23
0 23 23
0 23 23
0 23 23
0 23 23
0 23 23
0 23 23
0 23 23
0 22 22
0 19 19
0 16 16
1 16 16
0 17 17
0 17 17
0 18 18
0 18 18
0 18 18
0 18 18
0 18 18
0 18 18
0 21 21
0 20 20
0 20 20
0 20 20
0 19 19
0 18 18
0 18 18
0 18 18
0 18 18
0 18 18
0 18 18
0 20 20
0 21 21
0 19 19
0 20 20
0 20 20
0 20 20
0 21 21
0 21 21
0 21 21
0 21 21
0 21 21
0 21 21
0 21 21
0 23 23
0 22 22
0 22 22
1 21 21
1 23 23
0 23 23
0 24 24
0 24 24
0 24 24
0 24 24
0 24 24
0 23 23
0 25 25
0 22 22
0 20 20
0 23 23
0 23 23
0 23 23
0 23 23
0 24 24
0 25 25
0 26 26
0 27 27
0 25 25
0 26 26
0 23 23
0 25 25
0 24 24
0 26 26
0 25 25
0 25 25
0 26 26
0 26 26
0 26 26
0 26 26
0 25 25
0 24 24
0 24 24
0 24 24
0 25 25
0 24 24
0 23 23
0 23 23
0 23 23
0 23 23
0 23 23
0 23 23
0 22 22
0 22 22
0 19 19
0 18 18
0 19 19
1 19 19
0 18 18
0 18 18
0 18 18
0 18 18
0 18 18
0 18 18
0 19 19
0 19 19
0 21 21
0 20 20
0 20 20
0 19 19
0 19 19
0 20 20
0 20 20
0 21 21
0 21 21
0 21 21
0 21 21
0 22 22
0 22 22
0 20 20
0 20 20
0 22 22
0 20 20
0 20 20
0 20 20
1 20 20
0 22 22
0 22 22
0 21 21
0 19 19
0 21 21
0 20 20
0 21 21
0 22 22
0 22 22
0 22 22
1 22 22
0 24 24
0 24 24
0 24 24
0 24 24
0 24 24
0 25 25
0 23 23
0 23 23
0 23 23
0 23 23
0 23 23
0 24 24
0 24 24
0 25 25
0 26 26
0 25 25
0 22 22
0 21 21
1 20 20
0 21 21
0 21 21
0 21 21
0 21 21
0 21 21
0 21 21
0 22 22
0 22 22
0 21 21
0 22 22
0 18 18
0 18 18
0 16 16
0 16 16
0 17 17
0 17 17
0 18 18
0 18 18
0 18 18
0 18 18
0 18 18
0 19 19
0 19 19
0 18 18
0 18 18
0 18 18
0 18 18
0 18 18
0 18 18
0 18 18
0 18 18
0 17 17
0 15 15
0 17 17
0 16 16
0 16 16
0 18 18
0 19 19
0 20 20
0 19 19
0 19 19
0 21 21
0 21 21
0 21 21
0 19 19
0 22 22
0 23 23
0 22 22
0 23 23
0 25 25
0 25 25
0 25 25
0 25 25
0 25 25
0 25 25
0 25 25
0 24 24
0 23 23
0 23 23
0 24 24
0 24 24
0 23 23
0 23 23
0 23 23
0 23 23
0 24 24
0 24 24
1 22 22
0 23 23
0 24 24
0 17 17
0 15 15
0 16 16
0 17 17
0 17 17
0 17 17
0 17 17
0 17 17
0 17 17
0 16 16
0 16 16
0 17 17
0 18 18
0 17 17
0 19 19
0 21 21
0 20 20
0 20 20
0 21 21
0 21 21
0 21 21
0 21 21
0 20 20
0 20 20
0 18 18
0 17 17
0 17 17
0 17 17
0 18 18
0 18 18
0 19 19
0 19 19
0 19 19
0 19 19
0 19 19
0 20 20
0 17 17
0 17 17
0 17 17
0 16 16
1 16 16
0 17 17
0 17 17
0 18 18
0 18 18
0 18 18
0 18 18
0 20 20
0 20 20
0 20 20
0 21 21
0 22 22
0 23 23
0 23 23
0 23 23
0 23 23
0 23 23
0 22 22
0 24 24
0 22 22
0 20 20
0 18 18
0 19 19
0 20 20
0 21 21
0 21 21
0 21 21
0 21 21
1 21 21
0 21 21
0 21 21
0 23 23
0 22 22
0 17 17
0 17 17
0 18 18
1 18 18
0 19 19
0 19 19
0 19 19
0 19 19
0 19 19
0 20 20
0 20 20
0 17 17
0 16 16
1 16 16
0 16 16
0 17 17
0 16 16
0 16 16
0 16 16
0 15 15
0 15 15
0 15 15
0 16 16
0 15 15
0 15 15
0 17 17
0 16 16
0 15 15
0 15 15
0 16 16
0 16 16
0 16 16
0 16 16
0 16 16
0 17 17
0 16 16
0 16 16
0 16 16
0 16 16
0 16 16
0 16 16
0 18 18
0 18 18
0 18 18
0 18 18
0 18 18
0 17 17
0 14 14
0 17 17
0 16 16
0 17 17
0 18 18
0 18 18
0 18 18
0 18 18
0 18 18
0 18 18
0 19 19
0 19 19
0 16 16
0 18 18
0 19 19
1 20 20
0 21 21
0 21 21
0 22 22
0 22 22
0 22 22
0 21 21
0 21 21
0 22 22
0 24 24
0 21 21
0 22 22
0 23 23
1 23 23
0 24 24
0 23 23
0 23 23
0 23 23
0 22 22
0 22 22
0 24 24
0 20 20
0 19 19
0 19 19
0 21 21
1 21 21
0 22 22
0 22 22
0 22 22
0 22 22
0 21 21
0 20 20
0 19 19
0 20 20
0 19 19
0 19 19
0 21 21
0 20 20
0 20 20
0 20 20
0 20 20
0 20 20
0 20 20
0 21 21
0 23 23
0 21 21
0 20 20
0 21 21
0 22 22
0 21 21
0 21 21
0 20 20
0 20 20
0 20 20
0 20 20
0 21 21
0 21 21
0 20 20
0 21 21
0 21 21
0 19 19
0 19 19
0 19 19
0 19 19
0 20 19
0 21 20
0 21 20
0 22 21
0 22 21
0 20 19
0 21 20
0 22 21
0 22 21
0 22 21
0 22 21
0 22 21
0 22 21
0 21 20
0 22 21
0 22 21
1 26 25
0 25 25
0 25 25
0 28 28
0 28 28
0 28 28
0 28 27
0 28 27
0 29 28
0 29 28
0 29 28
0 30 29
0 32 31
1 28 27
0 29 28
0 28 27
0 28 27
0 29 28
0 29 28
0 28 27
0 28 27
0 28 27
0 27 26
0 30 29
0 29 28
0 26 25
0 25 24
0 26 25
0 26 25
0 26 25
0 26 25
0 27 26
0 27 26
0 27 26
0 27 26
0 25 24
0 23 22
0 23 22
0 23 22
1 24 23
0 25 24
0 25 24
0 26 25
0 28 27
0 28 27
0 28 27
0 29 28
0 29 28
0 28 27
0 27 26
0 28 27
0 25 24
0 24 23
0 23 22
0 23 22
0 23 22
0 23 22
0 24 23
0 24 23
0 24 23
0 24 23
0 24 23
0 20 19
0 20 19
0 20 19
0 18 17
1 18 17
0 19 18
0 19 18
0 18 17
0 18 17
0 18 17
0 20 19
0 20 19
0 19 18
0 19 18
0 18 17
0 19 18
0 19 18
0 20 19
0 20 19
1 18 17
0 17 16
0 19 18
0 21 20
0 21 20
0 20 19
0 20 19
0 22 21
0 23 22
0 24 23
0 24 23
0 24 23
0 24 23
0 24 23
0 23 22
0 25 23
0 24 22
0 23 21
0 27 25
0 26 24
0 27 25
0 28 26
0 30 28
0 30 28
0 30 28
0 29 27
0 29 27
0 28 26
0 21 19
0 21 19
0 21 19
0 21 19
0 21 19
0 21 19
0 21 19
0 21 19
0 21 19
0 21 19
0 22 20
0 21 19
0 23 21
0 22 20
0 20 18
0 21 20
0 21 20
0 22 21
0 23 22
0 23 22
0 22 21
0 22 21
0 22 21
0 20 19
0 21 20
0 18 17
0 19 18
0 21 20
0 21 20
0 22 21
0 21 20
0 21 20
0 21 20
0 21 20
0 21 20
0 21 20
0 18 17
0 19 18
0 19 18
0 19 18
0 19 18
0 20 19
0 20 19
0 19 18
0 19 18
0 18 17
0 19 17
1 18 16
0 14 12
0 14 12
1 13 11
0 15 13
1 17 15
0 16 14
0 16 14
0 16 14
0 17 15
0 17 15
0 18 16
0 19 17
0 15 13
0 15 14
0 16 15
0 17 16
1 18 17
0 19 18
0 19 18
0 19 18
0 19 18
0 18 17
0 19 18
0 21 19
0 18 16
0 15 13
0 17 15
0 17 15
0 17 15
0 17 15
0 18 16
0 18 16
0 18 16
0 18 16
1 19 17
0 19 17
0 20 18
0 19 17
0 20 18
0 21 19
0 21 19
0 22 20
0 22 20
0 22 20
0 22 20
0 21 18
0 20 17
0 21 18
0 20 17
0 19 16
1 19 16
0 21 18
0 21 18
0 21 18
0 21 18
0 21 18
0 20 17
0 20 17
0 17 14
0 16 13
1 16 13
0 13 10
0 15 12
0 15 12
0 15 12
1 15 12
0 15 12
0 15 12
0 15 12
0 14 11
0 14 11
0 13 10
0 12 10
0 12 10
0 13 11
0 14 12
0 14 12
0 14 12
0 15 13
0 15 13
0 16 14
0 16 14
0 16 14
0 16 14
0 16 14
0 16 14
0 16 14
0 16 14
0 17 15
0 17 15
0 18 16
0 18 16
0 18 16
0 18 16
0 16 15
0 16 14
0 15 13
0 15 13
0 15 13
0 14 13
0 14 13
1 15 14
0 16 15
0 17 16
0 17 16
0 17 16
0 16 15
0 18 17
0 18 17
0 20 18
0 21 19
0 22 20
0 22 20
0 21 19
0 21 19
0 21 19
0 22 20
0 19 17
0 20 18
0 18 16
0 20 18
0 19 17
0 18 16
0 20 18
0 20 18
0 20 18
0 20 18
0 20 18
0 21 19
0 22 20
0 21 19
0 19 17
0 20 18
0 18 17
0 19 18
0 20 19
0 20 19
0 20 19
0 20 19
0 20 19
0 20 19
0 20 19
0 19 18
0 20 19
0 19 18
0 18 17
0 19 18
0 19 18
0 19 18
0 19 18
0 19 18
0 19 18
0 19 18
0 19 18
0 17 16
0 16 15
0 16 15
0 17 16
0 18 17
1 20 19
0 21 20
0 21 20
0 21 20
0 21 20
0 21 20
0 20 19
1 20 19
0 20 19
0 18 17
0 15 14
0 15 14
0 15 14
0 15 14
0 15 14
0 15 14
0 15 14
0 16 15
0 16 15
0 17 16
0 19 18
0 18 17
0 19 18
0 21 19
0 22 20
0 22 20
0 22 20
0 22 20
0 22 20
0 22 20
0 22 20
1 20 18
0 22 20
0 20 18
0 18 17
0 19 18
0 17 16
0 17 16
0 17 16
0 18 16
0 18 16
0 18 16
0 18 16
0 19 17
0 22 19
0 20 17
0 16 13
0 17 14
0 18 14
0 18 14
0 18 14
0 18 14
0 18 14
0 18 14
0 17 14
0 17 13
0 18 14
0 18 15
1 16 13
0 19 16
0 21 17
0 20 16
0 22 17
0 22 17
0 22 17
0 23 18
0 23 18
0 23 18
0 23 18
0 20 17
0 20 16
0 21 17
0 22 18
0 23 19
0 23 19
0 23 19
0 24 20
0 24 20
0 24 20
0 23 19
0 22 18
0 20 17
0 18 15
0 19 16
0 19 16
0 19 16
0 20 16
0 20 16
0 20 16
0 20 16
0 20 16
0 21 17
0 21 17
0 20 16
1 18 13
0 20 15
0 20 15
1 20 15
0 20 15
0 20 15
0 21 16
0 21 16
0 21 16
0 22 17
0 22 17
0 26 21
0 25 20
0 26 21
0 26 21
0 25 21
0 26 22
0 26 22
0 27 22
0 28 23
0 28 23
0 26 21
0 27 22
0 27 22
0 25 21
0 27 23
0 27 23
0 27 23
0 28 24
0 28 24
0 28 24
0 28 24
0 28 24
0 26 22
0 26 21
0 24 19
0 21 17
0 24 19
0 25 21
0 26 22
0 26 22
0 26 22
0 27 23
0 27 23
0 27 23
0 25 22
0 24 21
0 22 18
0 22 18
0 23 19
0 23 20
0 24 20
0 24 20
0 24 20
0 24 20
0 24 20
0 24 20
0 26 22
0 27 23
0 25 21
0 27 23
0 25 21
0 26 22
0 25 21
0 25 21
1 26 22
0 27 23
0 27 23
0 26 22
0 26 22
0 27 23
0 26 22
0 25 22
0 26 23
0 26 23
0 25 23
0 25 23
0 25 23
0 25 23
0 25 23
0 25 23
0 22 20
0 22 20
0 19 17
0 16 14
0 17 14
1 17 14
0 17 14
0 17 14
0 17 14
0 17 14
0 17 14
0 17 14
0 17 14
0 17 14
0 16 13
0 14 11
0 14 11
0 14 11
0 14 11
0 14 11
0 14 11
0 14 11
0 14 11
0 14 11
0 14 11
0 15 12
0 14 11
1 16 13
1 19 16
0 22 19
0 23 20
0 23 20
0 23 20
0 23 20
0 24 21
0 23 20
0 23 20
0 22 19
1 22 19
0 22 19
0 21 18
0 23 19
0 24 20
0 24 20
0 23 19
0 23 19
0 22 18
0 22 18
0 22 18
0 22 19
0 19 16
0 20 16
0 19 16
0 21 17
0 20 17
0 21 18
0 21 18
0 22 19
0 22 19
0 22 19
0 23 20
0 21 18
0 22 19
0 22 19
0 24 21
0 25 22
0 26 23
0 26 23
0 26 23
0 26 23
0 26 23
0 26 23
0 26 23
0 25 22
0 25 22
0 25 22
0 21 18
0 22 19
0 22 19
0 22 19
0 22 19
0 22 19
0 23 20
0 23 20
0 22 20
0 21 19
0 21 19
0 20 18
0 19 17
0 19 17
0 18 16
0 19 17
0 18 16
0 18 16
0 17 15
0 16 14
0 16 14
0 18 15
0 18 16
0 17 15
0 18 16
0 19 16
0 20 17
0 20 17
0 20 17
0 20 17
0 20 17
0 20 17
0 19 16
0 16 13
0 17 15
0 17 14
0 17 14
0 17 14
0 17 14
0 17 14
1 17 14
0 17 14
0 17 14
0 17 14
0 18 15
0 16 14
0 15 13
0 13 11
0 13 11
0 15 12
0 15 12
0 14 12
0 14 12
0 14 12
0 15 13
0 15 13
0 14 12
0 16 14
0 19 17
0 20 18
0 21 19
0 21 19
0 21 19
0 22 20
0 22 20
0 22 20
0 23 21
0 23 21
0 22 20
0 22 20
0 22 20
0 22 19
0 19 16
0 18 15
0 20 17
0 20 17
0 20 17
0 21 18
0 21 18
0 21 18
0 21 18
0 21 18
0 20 17
0 17 14
0 18 15
0 18 15
0 19 16
0 19 16
0 19 16
0 19 16
0 19 16
0 19 16
0 20 17
1 19 17
0 17 15
0 15 13
0 15 13
0 16 13
0 15 12
0 15 12
0 15 12
0 15 12
0 15 12
0 16 13
0 17 14
0 18 15
0 18 15
0 20 17
0 20 17
1 20 17
0 21 18
0 20 17
0 20 17
0 21 18
0 21 18
0 21 18
0 22 19
0 23 20
0 20 17
0 19 17
0 19 17
0 19 17
0 19 17
0 19 17
0 19 17
0 19 17
0 20 18
0 20 18
0 19 17
0 18 16
1 18 16
0 19 17
0 19 17
0 19 17
0 20 18
0 20 18
0 20 18
0 21 19
0 22 20
0 22 20
0 22 20
0 25 23
0 23 21
0 24 22
0 25 23
0 26 24
0 26 24
0 26 24
0 26 24
0 26 24
0 26 24
0 26 24
0 27 25
0 26 24
0 25 23
0 24 22
0 22 20
0 22 20
0 22 20
0 22 20
0 22 20
0 22 20
0 23 21
0 22 20
0 22 20
0 23 21
0 18 16
0 18 16
0 19 17
0 18 16
0 18 16
0 18 16
0 18 16
0 18 16
0 18 16
0 18 16
0 18 16
0 17 15
0 15 14
0 14 13
0 14 13
0 14 13
0 14 13
0 14 13
0 14 13
0 15 14
0 15 14
0 15 14
1 15 14
0 16 15
0 16 15
0 15 14
0 16 15
0 17 16
0 16 15
0 16 15
0 16 15
0 17 15
0 17 15
0 18 16
0 18 16
0 23 21
0 22 20
0 20 18
0 24 22
0 25 23
0 25 23
0 25 23
0 25 23
0 25 23
0 25 23
0 24 22
0 24 22
0 24 22
0 19 17
0 18 16
0 18 16
0 19 16
0 19 16
0 19 16
1 19 16
0 20 17
0 20 17
0 20 17
0 22 19
0 22 20
0 20 19
0 19 18
0 18 17
0 19 18
0 19 18
0 19 18
0 20 19
0 20 19
0 20 19
0 20 19
0 21 20
0 21 19
0 23 21
0 24 22
0 24 22
0 26 23
0 27 24
0 27 24
0 27 24
0 27 24
0 27 24
0 27 24
0 28 25
0 26 24
0 23 21
0 21 19
0 21 19
0 21 19
0 21 19
0 21 19
0 21 19
0 22 20
0 22 20
0 22 20
0 21 19
0 19 17
0 17 15
0 15 13
0 15 13
0 15 13
0 15 13
0 15 13
0 15 13
0 15 13
0 15 13
0 15 13
0 16 14
0 17 15
0 16 14
0 18 16
0 21 19
0 21 19
1 22 20
0 22 20
0 22 20
0 23 20
0 23 20
0 23 20
0 25 22
0 25 22
0 20 18
0 23 20
0 22 19
0 22 19
0 22 19
0 23 19
0 23 19
0 24 20
0 24 20
0 24 20
0 23 19
0 21 18
0 21 18
0 19 16
1 21 18
0 23 20
0 23 20
0 23 20
0 24 21
0 24 21
0 24 21
0 24 21
0 24 21
0 24 20
0 20 16
0 21 16
0 21 17
0 22 18
0 22 18
0 22 18
0 23 19
0 23 19
0 23 19
0 23 19
0 23 19
0 24 20
0 23 20
1 24 21
0 26 23
0 25 23
0 24 22
0 25 23
0 25 23
0 26 24
0 27 25
0 27 25
0 27 25
0 29 26
0 25 22
0 25 22
0 23 20
0 22 19
0 21 18
0 21 18
0 21 18
0 21 18
0 21 18
0 21 18
0 21 18
0 21 18
0 19 16
0 20 17
0 20 17
0 21 18
0 20 17
0 20 17
0 20 17
0 20 17
0 21 18
0 21 18
0 21 18
0 20 17
0 18 15
0 19 16
0 19 16
1 19 16
0 21 18
0 20 17
0 20 17
0 19 16
0 19 16
0 19 16
0 19 16
0 22 19
0 24 21
0 27 23
0 26 22
0 24 20
0 25 21
0 26 21
0 26 21
0 26 21
0 26 21
0 26 21
0 28 23
0 26 22
0 24 19
0 26 21
0 26 21
0 24 20
0 24 20
0 24 20
0 24 20
0 24 20
0 24 20
0 24 20
0 24 20
0 23 19
0 24 20
0 24 20
0 25 21
0 24 21
0 22 21
0 23 22
0 23 22
0 23 22
0 23 22
0 23 22
0 22 21
0 24 23
0 23 22
0 20 20
0 21 21
0 22 21
0 22 21
0 22 21
0 22 21
0 23 22
0 23 22
0 23 22
0 24 23
0 23 22
0 21 20
0 20 18
0 20 18
0 20 18
0 20 18
0 20 18
0 20 18
0 21 19
0 21 19
0 21 19
0 21 19
0 20 18
0 20 18
1 19 18
0 18 17
0 18 17
0 17 16
0 18 16
0 18 16
0 18 16
0 18 16
0 18 16
0 19 17
0 20 18
0 18 16
0 17 16
0 17 15
0 17 15
0 18 16
0 18 16
0 18 16
0 18 16
0 18 16
0 18 16
0 19 17
0 21 19
0 24 22
0 24 22
0 24 22
0 23 21
0 24 21
1 25 22
0 25 22
0 27 24
0 27 24
0 28 24
1 26 23
0 26 23
0 24 21
0 25 22
0 25 22
0 24 21
0 25 22
0 25 22
0 25 22
0 26 22
0 26 22
0 26 22
0 25 21
0 28 24
0 29 26
0 28 25
0 27 24
0 31 27
0 31 27
0 32 28
0 32 28
0 32 28
0 32 28
0 32 28
0 29 25
0 29 25
0 29 24
0 29 25
0 29 26
0 30 26
0 30 26
0 31 26
0 31 26
0 32 26
0 32 26
0 32 26
0 32 26
2 32 26
0 30 26
0 26 22
0 25 21
0 26 21
0 27 22
0 26 21
0 26 21
0 26 21
0 26 21
0 26 21
0 25 20
0 24 19
0 25 20
0 24 19
0 24 19
0 25 20
0 24 19
0 24 19
0 25 20
0 25 20
0 26 20
0 25 20
0 27 21
0 29 23
1 27 24
0 27 24
0 28 25
0 29 26
0 29 27
0 29 27
0 30 28
0 30 28
0 30 28
0 29 27
0 29 27
0 30 29
0 26 25
0 25 24
0 25 24
0 26 25
0 23 22
0 24 23
0 24 23
0 24 23
0 25 23
0 24 22
0 23 21
0 24 22
0 23 22
0 21 20
0 25 24
0 25 24
0 25 24
0 25 24
0 25 24
0 25 24
0 25 24
0 25 24
0 24 23
0 24 23
0 21 20
0 22 21
0 23 22
0 24 23
0 23 22
0 24 23
0 27 23
0 27 23
0 26 23
0 26 23
0 26 23
0 26 23
0 27 24
0 25 22
0 26 23
0 26 23
0 27 24
0 26 23
0 27 24
0 28 25
0 28 25
0 28 25
0 28 25
0 28 25
0 24 21
0 24 21
0 25 22
0 26 23
0 24 21
0 24 21
0 24 21
0 24 21
0 24 21
0 24 21
0 23 20
0 21 18
0 21 18
0 21 18
0 22 19
0 22 19
0 21 18
0 21 18
0 21 18
0 21 18
0 21 18
0 20 17
0 21 18
0 20 17
0 20 17
1 20 17
0 21 17
0 22 18
0 23 19
0 23 19
0 23 19
0 23 19
0 23 19
0 23 19
0 23 19
0 20 16
0 21 18
0 22 19
0 25 20
0 26 21
0 26 21
0 26 21
0 26 21
0 26 21
0 26 21
0 25 20
0 26 19
0 24 17
0 21 16
0 22 18
0 23 18
0 23 18
0 23 18
0 23 18
0 23 18
0 23 18
0 22 17
0 22 17
0 22 17
0 23 19
0 26 21
0 27 22
0 24 21
0 26 23
0 27 24
0 28 25
0 28 25
0 28 25
0 28 25
0 27 24
0 29 26
0 28 25
0 26 23
0 24 21
0 24 21
0 23 20
0 24 20
0 24 20
0 24 20
0 24 19
0 25 20
0 25 20
0 24 19
0 24 19
0 19 14
0 19 14
0 19 14
0 19 14
0 19 14
0 20 14
0 20 14
0 20 14
0 20 14
0 20 14
0 20 14
0 20 14
0 20 14
0 19 14
0 18 13
0 17 12
0 18 13
0 19 13
0 19 13
0 19 13
0 19 13
1 19 13
0 18 13
0 21 16
0 20 15
0 24 19
0 23 18
0 24 20
0 25 21
0 25 21
0 25 21
0 25 21
0 25 21
0 26 22
0 25 22
0 26 23
0 24 21
0 25 22
0 25 23
0 24 22
0 26 23
0 27 24
0 27 24
0 28 24
0 28 24
0 27 23
0 29 25
0 28 24
0 26 23
0 25 22
0 23 20
0 22 19
0 23 20
0 23 20
0 23 20
0 23 20
0 24 20
0 24 20
0 24 20
0 23 20
0 22 19
0 21 18
0 23 20
0 23 20
0 22 19
0 23 19
0 23 19
0 23 19
0 23 19
0 23 19
0 23 19
0 21 17
1 23 19
0 24 20
0 24 20
0 23 19
1 22 18
0 22 18
0 22 18
0 22 18
0 22 18
0 23 19
0 23 19
0 23 19
0 20 16
0 19 15
0 19 15
0 19 15
0 19 15
0 20 16
0 20 16
0 21 17
0 21 17
0 22 17
0 22 17
0 22 17
0 22 17
0 22 17
1 22 17
0 24 18
0 23 17
0 23 17
0 23 17
0 23 17
0 23 17
0 24 17
0 22 17
0 23 17
1 25 19
0 23 17
0 24 18
0 22 16
0 23 17
0 23 17
0 23 17
0 23 17
0 23 17
0 24 18
0 25 19
0 25 19
0 26 20
0 25 19
0 28 22
0 28 22
0 28 22
0 28 22
0 28 22
0 28 22
0 28 22
0 27 21
0 27 21
0 28 22
0 27 21
0 27 21
0 26 20
0 29 23
0 29 23
0 30 24
0 30 24
0 30 24
0 30 24
0 29 23
0 28 22
0 27 21
0 21 17
0 22 18
1 19 15
0 19 15
0 20 16
0 20 16
0 20 16
0 20 16
0 20 16
0 20 16
0 20 16
0 22 18
0 23 19
0 25 21
0 26 22
0 25 22
0 25 22
0 25 22
0 25 22
0 26 23
0 26 23
0 26 23
0 26 23
0 26 23
0 22 19
0 23 20
1 21 19
0 23 21
0 24 22
1 24 22
0 25 23
0 24 22
0 24 22
0 23 22
0 23 22
0 25 23
0 22 20
0 23 21
0 24 21
0 25 22
0 25 22
1 25 22
0 26 23
0 26 23
0 26 23
0 25 22
0 23 20
0 26 22
0 25 20
0 24 19
0 24 18
0 23 17
0 22 17
0 22 17
0 22 17
0 22 17
0 22 17
0 22 17
0 22 17
0 23 18
0 22 19
0 21 18
0 21 19
0 21 19
0 20 18
0 21 19
0 21 19
0 21 19
0 22 20
0 22 20
0 22 20
0 22 20
0 23 21
0 22 20
0 20 17
0 20 18
0 20 18
0 20 18
0 20 18
0 20 18
0 20 18
0 20 18
0 19 17
0 21 19
0 18 15
0 19 15
0 21 17
0 22 17
0 22 17
0 22 17
0 22 17
0 22 17
0 22 17
0 22 17
0 22 17
0 18 15
0 19 16
0 19 16
0 21 18
0 22 19
0 22 19
0 22 19
0 22 19
0 21 18
0 21 18
0 21 18
0 21 18
0 20 17
0 14 12
0 15 13
0 14 12
0 14 12
0 14 12
0 14 12
0 14 12
0 15 13
0 16 14
0 16 14
0 16 14
0 16 14
0 17 15
0 14 12
0 15 12
1 15 12
0 15 12
0 15 12
0 15 12
0 15 12
0 17 13
0 17 13
0 18 15
0 17 14
0 18 14
0 22 18
0 24 19
0 24 19
0 24 19
0 25 20
0 25 20
0 27 22
0 26 22
0 26 22
0 25 21
0 25 22
0 25 22
0 27 24
0 26 23
0 25 23
0 25 23
0 27 25
0 27 25
0 27 25
0 27 25
0 27 25
0 24 22
0 25 23
0 22 20
0 18 16
0 18 17
0 18 17
1 17 16
0 18 17
0 18 17
0 18 17
0 18 17
0 18 17
0 18 17
0 18 17
0 18 17
0 19 17
0 20 19
0 22 20
0 24 22
0 24 22
0 24 22
0 24 22
0 25 23
0 25 23
0 25 23
0 29 27
0 27 25
0 24 22
0 23 21
0 22 20
0 22 20
0 22 20
0 22 20
0 22 20
0 22 20
0 22 20
0 22 20
0 21 19
0 17 14
0 18 15
0 19 16
0 18 15
0 19 15
0 19 15
0 19 15
0 19 15
0 19 15
0 19 15
0 19 15
0 19 15
0 18 14
0 18 14
0 17 13
0 17 13
0 16 12
0 17 13
0 17 13
0 17 13
0 17 13
0 16 12
0 17 13
0 18 15
0 18 15
0 21 16
0 22 17
0 22 18
0 20 16
0 20 16
0 20 16
0 20 16
0 20 16
0 20 16
0 20 16
0 18 14
0 19 15
0 20 16
0 19 15
0 19 15
0 18 14
0 18 14
0 18 14
0 18 14
0 18 14
0 18 14
0 17 14
0 19 15
0 16 12
0 15 11
0 13 10
0 13 10
0 13 10
0 14 11
0 14 11
0 14 11
0 16 13
0 16 13
0 15 12
0 14 11
0 16 13
0 18 15
0 18 15
0 19 17
0 17 15
0 18 16
0 18 16
0 18 16
0 18 16
0 18 16
0 18 16
0 19 17
0 19 18
0 17 16
0 17 16
0 17 16
0 18 17
0 18 17
0 18 17
0 18 17
0 18 17
0 18 17
0 18 17
0 18 17
0 18 17
0 15 14
0 15 14
0 15 14
0 15 14
0 15 14
0 15 14
0 16 15
0 16 15
0 16 15
0 16 15
0 15 14
0 14 13
0 14 13
0 14 13
0 13 12
0 12 11
0 12 11
1 13 12
0 13 12
0 13 12
0 12 11
0 13 12
0 15 14
0 15 14
0 14 13
0 13 12
0 13 12
0 14 13
0 15 14
0 15 14
0 15 14
0 15 14
0 14 13
0 13 12
0 13 12
0 14 13
0 16 15
0 17 16
0 16 15
0 16 15
0 16 15
1 17 16
0 18 16
0 18 16
0 17 15
0 18 16
0 16 14
0 16 14
0 17 15
0 19 17
0 19 17
0 18 16
0 18 16
0 18 16
0 18 16
0 18 16
0 18 16
0 18 16
0 19 17
0 20 18
0 20 18
0 16 14
0 16 14
0 16 14
1 16 14
0 16 14
0 16 14
0 16 14
0 17 15
0 18 16
0 19 17
0 18 17
0 19 18
0 18 17
0 18 17
0 18 17
0 19 18
0 19 18
0 19 18
0 19 18
0 19 18
0 19 18
0 19 17
0 17 15
0 16 14
0 17 15
0 17 15
0 15 13
1 15 13
0 16 14
0 17 15
0 17 15
0 17 15
0 17 15
0 17 15
0 16 14
0 16 15
0 15 14
0 16 15
0 17 16
0 17 16
0 17 16
0 17 16
0 17 16
0 17 16
0 17 16
0 17 16
0 17 16
0 16 15
0 15 14
0 13 12
0 12 11
0 13 11
0 14 12
0 14 12
0 14 12
0 13 11
0 14 12
0 13 12
0 15 13
0 15 13
0 16 14
0 17 15
0 17 15
0 17 15
0 17 15
0 17 15
0 17 15
0 19 17
0 20 18
0 21 19
0 18 16
0 20 19
0 21 20
0 23 22
0 24 23
0 24 23
0 24 23
0 24 23
0 24 23
0 24 23
0 23 22
0 24 23
0 23 21
0 23 21
0 21 19
0 22 20
0 22 20
0 22 20
0 22 20
0 23 21
0 23 21
0 23 21
0 23 21
0 22 20
0 24 23
0 22 21
0 22 21
0 23 22
0 24 23
0 25 24
0 25 24
0 25 24
0 25 24
0 24 23
0 24 23
0 24 23
0 23 22
0 21 20
0 21 20
0 20 19
0 19 18
0 19 18
0 19 18
0 19 18
0 19 18
0 20 19
0 20 19
0 20 19
0 18 17
0 18 17
0 19 18
0 17 16
0 18 17
0 18 17
0 18 17
0 19 18
0 19 18
1 20 19
0 21 20
0 21 20
0 21 20
0 19 18
0 18 17
0 22 21
0 22 21
0 22 21
0 22 21
0 22 21
0 23 21
0 24 22
0 24 22
0 25 23
0 22 20
0 23 21
0 20 18
0 23 21
0 23 21
0 22 21
0 22 21
0 22 21
0 22 21
0 23 22
0 22 21
0 24 23
0 22 21
0 20 19
0 19 18
0 19 18
0 19 18
0 19 18
0 18 17
0 20 18
0 20 18
0 21 19
0 22 20
0 23 21
0 17 15
0 16 15
0 19 16
0 20 17
0 21 18
0 21 18
0 22 19
0 22 19
0 22 19
0 21 19
1 21 18
0 22 19
0 19 16
0 19 16
0 18 15
0 17 14
0 18 15
0 19 16
0 19 16
0 19 16
0 20 16
0 20 16
0 20 16
0 20 16
0 20 16
0 19 15
0 18 14
0 18 14
0 18 14
0 19 15
0 19 15
0 19 15
0 19 15
0 19 15
0 19 15
0 19 15
0 16 12
0 16 12
0 14 10
0 16 12
0 14 10
0 15 11
0 15 11
0 15 11
0 15 11
0 14 10
0 14 10
0 19 14
0 18 13
0 13 9
0 14 10
1 15 12
0 16 13
0 16 13
0 16 13
0 17 14
0 17 14
0 20 16
0 19 15
0 21 17
0 21 18
0 20 17
0 20 17
0 22 19
0 22 19
0 22 19
0 22 19
0 21 18
0 20 17
0 20 16
0 19 16
1 19 14
0 18 13
0 20 15
2 20 16
0 22 18
0 23 18
0 24 19
0 24 19
0 24 19
0 24 19
0 23 18
0 22 17
0 22 18
0 20 17
0 20 17
0 23 20
0 23 21
0 23 21
0 23 21
0 23 21
0 23 21
0 24 22
0 24 22
0 23 21
0 23 21
0 19 17
0 21 19
0 22 20
0 21 19
0 21 19
0 23 21
0 23 21
0 23 21
0 23 21
0 23 21
0 22 20
0 22 20
0 19 17
0 19 17
0 20 18
0 20 18
0 20 18
0 20 18
0 21 18
0 21 18
0 22 19
0 22 19
0 23 20
0 21 18
0 19 16
0 20 17
0 20 17
0 19 16
0 20 17
0 19 16
0 19 16
0 19 16
0 19 16
0 19 16
0 18 15
0 22 19
0 21 18
0 20 16
0 23 18
0 22 17
0 21 16
0 21 16
0 21 16
0 21 16
0 21 16
0 19 15
0 18 14
0 21 16
0 17 12
0 18 13
0 21 16
0 21 16
0 22 17
0 22 17
0 23 18
0 23 18
0 23 18
0 23 18
0 21 16
0 18 13
0 15 11
0 16 12
0 16 12
0 17 13
0 17 13
0 18 13
0 18 13
0 18 13
0 18 13
0 18 13
0 17 12
0 17 12
1 20 15
0 20 15
0 23 18
0 23 18
0 23 18
0 24 19
0 24 19
0 24 19
0 24 19
0 24 19
0 24 19
0 24 19
0 20 16
0 22 18
0 20 16
0 20 16
0 20 16
0 21 17
0 21 17
0 21 17
0 21 17
0 20 16
0 19 15
0 21 17
0 19 15
0 20 16
0 21 17
0 21 17
0 22 17
0 22 17
0 22 17
0 22 17
0 22 17
0 22 17
0 20 15
0 19 15
0 17 13
0 16 12
0 15 11
0 15 11
0 16 12
0 16 12
0 16 12
0 16 12
0 16 12
0 18 14
0 18 14
0 16 12
0 13 10
0 15 11
0 17 13
0 17 13
0 18 13
0 19 14
0 20 15
0 22 17
0 22 17
0 22 17
0 22 17
0 20 16
0 21 17
0 21 17
0 21 17
0 22 18
0 22 18
0 22 18
0 22 18
0 22 18
0 24 20
0 25 21
0 25 21
0 22 18
0 19 15
0 22 17
0 22 17
0 23 18
0 22 17
0 22 17
0 22 17
1 22 17
0 22 17
0 22 17
0 23 17
0 22 17
0 24 19
0 25 20
0 24 19
0 22 17
0 22 17
0 22 17
0 22 17
0 23 18
0 24 18
0 24 18
0 24 18
0 23 17
1 22 16
0 21 16
0 23 18
0 23 18
0 23 18
0 23 18
0 24 18
0 24 18
0 24 18
0 24 18
0 23 17
0 23 17
1 20 14
1 18 13
0 18 13
0 17 12
0 17 12
0 17 12
0 17 12
0 18 12
0 18 12
0 18 13
0 19 13
0 19 13
0 18 12
0 18 12
0 18 12
0 18 12
0 18 12
0 18 12
0 18 12
0 18 12
0 18 12
0 18 12
0 18 12
0 18 13
0 19 13
0 17 10
0 18 12
0 19 13
0 18 12
0 18 12
0 19 12
0 19 12
0 19 12
0 20 13
0 22 16
0 20 14
2 19 12
0 21 15
0 21 16
0 21 16
0 20 16
0 20 16
0 20 16
0 20 16
0 20 16
0 20 16
0 20 16
0 19 15
0 19 16
0 17 14
0 16 13
0 17 14
0 16 13
0 16 13
0 16 13
0 16 13
0 16 13
0 16 13
0 16 13
0 16 13
0 15 12
0 14 11
0 14 11
0 15 12
0 15 12
0 15 12
0 16 12
0 16 12
0 16 12
0 16 12
0 17 13
0 20 16
0 17 13
0 18 14
0 19 15
1 18 14
0 18 14
0 19 15
0 19 15
0 20 16
0 20 16
0 20 16
0 19 15
0 19 15
0 19 15
0 15 12
0 16 13
1 16 13
0 17 14
0 17 14
0 17 14
0 17 14
0 17 14
0 16 13
0 17 14
0 17 14
0 18 15
0 18 15
0 18 15
0 16 13
0 16 13
0 16 13
0 16 13
0 16 13
0 16 13
0 16 13
0 17 14
0 18 16
0 17 15
0 17 15
0 17 15
0 14 12
0 14 12
0 14 12
0 15 12
0 15 12
0 15 12
0 14 11
0 15 12
0 17 14
0 17 14
0 18 15
1 18 15
0 19 16
0 19 16
0 20 17
0 20 17
0 20 17
0 20 17
0 20 17
0 21 18
0 22 19
0 21 18
0 19 16
0 19 15
0 18 14
0 18 14
0 18 14
0 18 14
0 18 14
0 18 14
0 18 14
0 18 14
0 18 14
0 20 16
0 20 16
0 19 15
0 19 15
0 21 17
0 22 18
0 22 18
0 23 19
0 23 19
0 23 19
0 24 20
0 21 18
0 21 19
0 19 16
1 18 16
0 18 16
0 18 16
0 18 16
0 18 16
0 18 16
0 18 16
0 17 15
0 17 15
0 15 13
0 15 13
0 16 14
0 16 14
0 16 14
0 17 15
0 18 16
0 18 16
0 18 16
0 18 16
0 17 15
0 18 16
0 15 13
0 15 13
0 14 12
0 14 12
0 15 13
0 15 13
0 16 14
0 16 14
0 16 14
0 16 14
0 17 14
0 17 14
0 17 14
0 18 14
0 19 15
1 18 14
0 18 14
0 19 15
0 19 15
0 20 16
0 21 17
0 21 17
0 21 17
0 22 18
0 22 18
0 18 15
1 16 14
0 18 15
0 18 15
0 16 14
0 18 15
0 18 15
0 18 15
0 19 16
0 19 16
0 19 16
0 21 18
0 17 15
0 21 17
0 20 16
0 21 17
0 21 17
0 20 16
0 20 16
0 20 16
0 20 16
0 20 16
0 20 16
0 21 16
0 20 15
0 20 15
0 20 15
0 21 16
0 19 14
0 19 14
0 20 14
0 20 14
0 19 13
0 18 12
0 20 14
0 20 14
0 19 14
0 17 12
0 16 11
0 16 11
0 16 11
0 16 11
0 17 12
0 17 12
0 17 12
0 17 12
0 16 11
0 16 11
0 15 10
0 15 10
0 17 13
0 17 14
0 17 14
0 17 14
0 18 15
0 18 15
0 18 15
0 19 16
0 19 16
0 17 14
0 13 11
0 14 12
0 14 12
0 13 11
0 12 10
0 12 10
0 12 10
0 12 10
0 12 10
0 12 10
0 13 11
0 13 11
0 12 10
0 15 13
0 15 13
0 15 13
0 14 12
0 14 12
0 14 12
0 14 12
0 14 12
0 14 12
0 14 12
0 15 13
0 16 14
0 15 13
0 16 14
0 17 15
0 17 15
0 17 15
0 17 15
0 17 15
0 17 15
0 17 15
0 19 16
0 18 16
0 16 14
0 16 14
0 17 15
0 16 14
0 16 14
0 16 14
0 16 14
0 17 15
0 17 15
0 17 15
0 17 15
0 15 13
0 15 13
0 14 11
0 15 12
0 13 10
0 14 11
0 14 11
0 14 11
0 14 11
0 14 11
0 14 11
0 15 12
0 14 12
0 13 11
0 16 13
0 16 13
0 17 14
0 17 14
0 18 15
0 18 15
0 18 15
0 18 15
0 18 15
0 18 15
0 17 14
0 15 13
0 13 11
0 13 11
0 12 10
0 12 10
0 13 11
0 13 11
0 15 11
0 15 11
0 15 11
0 17 13
0 17 13
0 16 12
0 15 11
0 15 11
0 15 11
0 17 13
0 17 13
0 18 14
0 18 14
0 18 14
0 18 14
0 19 15
0 18 15
0 19 15
0 19 15
0 19 15
0 19 15
0 18 14
0 18 14
0 18 14
0 19 15
0 19 15
0 18 15
0 16 13
0 16 12
0 19 15
0 12 9
0 13 10
0 17 14
0 17 14
0 18 15
0 17 14
0 17 14
0 17 14
0 16 13
0 15 12
0 17 15
0 16 14
0 16 14
0 17 15
0 17 15
0 17 15
0 18 16
0 18 16
0 18 16
0 18 16
0 18 16
0 18 16
0 19 17
0 19 17
0 17 15
0 16 14
0 17 15
0 16 14
0 17 15
0 18 16
0 18 16
0 18 16
0 18 16
0 20 18
0 20 18
0 20 18
0 20 18
0 20 18
0 20 18
0 21 19
0 21 19
0 21 19
0 21 19
0 21 19
0 21 19
0 20 18
0 20 18
0 17 15
1 16 15
0 15 14
0 13 12
0 11 10
0 12 11
0 12 11
0 13 11
0 13 11
0 13 11
0 13 11
0 13 11
0 10 8
0 11 9
0 11 9
0 10 8
0 11 8
0 12 8
0 12 8
0 13 8
0 13 8
0 14 8
0 14 8
0 16 11
0 15 12
0 16 13
0 17 13
0 16 13
0 18 15
0 18 15
0 18 15
0 18 15
0 18 15
0 17 14
0 17 14
0 18 15
0 18 16
0 16 14
0 21 18
1 21 18
0 21 18
0 21 18
0 21 18
0 21 18
0 20 18
0 21 18
0 20 17
0 20 17
0 19 16
0 17 14
0 18 14
0 17 13
0 18 14
0 18 14
0 18 14
0 18 14
0 19 15
0 19 15
0 18 14
0 16 12
0 15 12
0 14 12
0 15 13
0 15 13
0 15 13
0 16 14
0 16 14
0 17 15
0 17 15
0 18 16
0 20 18
0 21 19
0 20 18
0 19 17
0 19 17
1 18 16
0 18 16
0 18 16
0 18 16
0 18 16
0 18 16
0 18 16
1 18 16
0 17 15
0 15 13
0 14 12
0 13 11
0 13 11
0 13 11
0 14 12
0 15 13
0 15 13
0 15 13
0 15 13
0 16 14
0 17 15
0 14 13
0 13 12
0 11 10
0 11 10
0 11 10
0 11 10
0 12 11
0 12 11
0 12 11
0 12 11
0 13 12
0 14 13
0 13 12
0 12 11
0 16 15
1 15 14
0 15 14
0 16 15
0 16 15
0 16 15
0 16 15
0 16 15
0 18 17
0 16 15
0 15 14
0 15 14
0 17 16
0 19 18
0 19 18
0 19 18
0 19 18
0 20 19
0 20 19
0 20 19
0 20 19
0 21 20
0 17 16
0 16 14
0 17 15
0 16 15
0 15 13
0 15 13
0 15 13
0 15 13
0 15 13
0 14 12
0 15 13
0 14 13
0 13 12
0 12 11
0 15 14
0 16 15
0 16 15
0 16 15
0 16 15
0 16 15
0 16 15
0 17 16
0 17 16
0 19 18
0 18 17
2 14 13
0 17 16
0 16 15
0 16 15
0 16 15
0 16 15
0 16 15
0 16 15
0 17 16
1 17 16
0 17 16
0 16 15
0 13 12
0 10 9
0 10 9
0 11 9
0 11 9
0 11 9
0 11 9
0 11 9
0 10 8
0 10 8
0 11 9
0 9 7
0 8 6
0 8 6
0 8 6
0 8 6
0 9 7
0 9 7
0 9 7
0 9 7
0 9 7
0 9 7
1 9 7
0 8 6
0 12 11
0 13 12
0 14 12
0 15 13
0 15 13
0 15 13
0 15 13
0 15 13
0 13 11
0 14 12
0 15 13
0 13 11
0 14 12
0 14 12
0 15 13
0 15 13
0 15 13
0 15 13
0 15 13
0 15 13
0 15 13
0 16 13
0 17 14
0 15 12
0 16 12
0 16 12
0 16 12
0 16 12
0 16 12
0 17 13
1 19 14
0 19 14
0 20 15
0 21 15
0 22 16
0 22 16
0 21 15
0 22 16
0 22 16
0 22 16
0 22 16
0 23 17
0 23 17
0 23 17
0 22 16
0 23 17
0 25 19
0 20 16
0 23 19
0 23 19
0 23 19
0 23 20
0 23 20
0 23 20
0 23 20
0 23 20
0 23 20
0 23 20
0 24 21
0 22 19
0 21 18
0 21 18
0 20 17
0 18 15
0 19 16
0 19 16
0 19 16
0 19 16
0 19 16
0 19 16
0 17 14
0 15 12
0 16 13
0 16 13
0 16 13
0 16 13
0 16 13
0 16 13
0 16 13
0 16 13
0 17 14
0 16 13
0 17 14
0 17 14
0 17 13
0 17 13
0 18 14
0 19 15
0 19 15
0 19 15
0 19 15
0 19 15
0 19 15
0 17 13
0 18 15
0 19 15
0 19 15
0 22 18
0 22 18
0 23 19
0 24 20
0 24 20
1 25 21
0 25 21
0 26 22
0 25 21
0 26 22
0 24 20
0 24 20
0 23 19
0 22 18
0 22 18
0 22 18
0 22 18
0 22 18
0 22 18
0 22 18
0 22 18
0 23 19
0 23 19
0 19 16
0 19 16
0 21 18
0 21 18
0 22 19
0 22 19
0 22 19
0 22 19
0 23 20
0 23 20
0 21 18
0 22 18
0 22 18
0 24 19
0 22 17
0 23 18
0 23 18
0 23 18
0 23 18
0 23 18
1 22 17
0 23 18
0 23 18
0 20 15
0 18 14
0 18 14
0 18 14
0 18 14
0 18 14
0 18 14
0 19 15
0 19 15
0 19 15
0 19 15
0 19 15
0 17 14
0 16 13
0 16 13
0 16 13
0 16 13
0 16 13
0 16 13
0 17 14
0 17 14
0 17 14
0 18 15
0 19 16
0 18 15
0 19 16
1 21 18
0 22 19
0 23 20
0 23 20
0 23 20
0 23 20
0 23 20
0 24 21
1 23 20
0 22 19
0 21 18
0 22 19
1 20 17
0 21 18
0 21 18
0 21 18
0 22 19
0 22 19
0 23 19
0 23 19
0 23 19
0 23 19
0 24 20
0 24 21
0 25 22
0 26 23
0 26 24
0 27 24
0 28 25
0 28 25
0 27 24
0 26 23
0 24 21
0 24 21
0 23 20
0 22 20
0 23 21
0 20 19
0 20 19
0 20 19
0 20 19
0 20 19
0 21 20
0 21 20
0 18 17
0 19 18
0 20 19
0 19 18
0 21 20
0 20 19
0 20 19
0 21 20
0 22 21
0 23 22
0 25 24
0 25 24
0 24 23
0 22 21
0 20 19
0 18 17
0 16 15
0 14 13
0 14 13
0 14 13
0 14 13
0 15 14
0 15 14
0 14 13
0 14 13
0 13 12
0 12 11
0 12 11
0 13 11
0 14 12
0 14 12
0 14 12
0 14 12
0 14 12
0 14 12
0 14 12
0 15 13
0 18 17
0 16 14
0 17 15
0 18 17
0 20 18
0 20 18
0 20 18
0 20 18
0 21 19
0 21 19
0 21 19
0 22 20
0 23 20
0 20 18
0 20 18
0 19 17
0 18 16
0 20 17
0 20 17
0 20 17
0 21 18
0 22 19
0 22 19
0 19 15
0 17 13
0 17 13
1 16 12
0 19 13
0 19 13
0 19 13
0 20 14
0 21 14
0 21 14
0 21 14
0 20 14
0 20 14
0 20 14
0 21 15
0 21 16
0 21 15
0 20 15
0 20 15
0 20 15
0 20 15
0 20 15
0 20 15
0 20 15
0 20 15
0 20 15
0 19 15
0 18 16
0 20 17
0 20 17
0 21 18
0 21 18
0 21 18
0 21 18
0 21 18
0 21 18
0 21 18
0 20 17
0 17 15
0 15 13
0 15 13
0 14 13
0 14 13
0 14 13
0 14 13
0 14 13
0 14 13
0 14 13
0 13 12
0 13 11
0 13 11
0 13 11
0 13 11
0 13 11
0 13 11
0 13 11
0 13 11
0 13 11
0 13 11
0 13 11
0 15 13
0 15 13
0 15 13
0 14 13
0 14 13
0 14 13
0 15 14
0 15 14
0 15 14
0 15 14
0 15 14
0 15 14
0 15 14
0 14 13
0 15 14
0 14 13
0 14 13
0 14 12
0 16 14
0 16 14
0 16 14
0 16 14
0 17 15
0 17 15
0 18 16
0 21 19
0 19 17
0 17 15
0 16 14
0 16 14
0 16 14
0 16 14
0 16 14
0 16 14
0 16 14
0 16 14
0 16 14
0 16 14
0 15 13
0 15 13
0 13 11
0 13 11
0 13 11
0 13 11
0 13 11
0 13 11
0 13 11
0 14 12
0 12 10
0 12 10
0 13 11
0 14 12
0 15 13
0 14 12
0 14 12
0 14 12
0 15 12
0 15 12
0 15 12
0 15 12
0 15 12
0 15 12
0 12 9
0 11 8
0 10 7
0 10 7
0 10 7
0 10 7
0 10 7
0 10 7
0 10 7
0 10 7
0 10 7
0 10 7
0 10 7
0 9 6
0 9 6
0 9 6
0 9 6
0 10 7
0 10 7
0 10 7
0 10 7
0 10 7
0 10 7
0 13 10
0 13 10
0 13 10
0 14 11
0 14 11
0 15 11
0 15 11
0 15 11
0 15 11
0 16 12
0 16 12
0 16 12
0 19 15
0 20 16
0 19 15
0 19 15
0 19 15
0 21 16
0 20 15
0 20 15
0 20 15
0 21 16
0 20 15
0 19 14
0 19 15
0 16 12
0 15 11
0 15 12
0 17 14
0 17 14
0 17 14
0 17 14
0 18 14
0 18 14
0 18 14
0 17 13
0 16 13
0 16 13
0 14 11
0 16 12
0 18 14
0 17 14
0 18 15
0 18 15
0 18 15
0 18 15
0 18 15
0 17 14
0 17 14
0 15 14
0 16 14
0 16 14
0 15 13
0 16 14
0 16 14
0 16 14
0 16 14
0 16 14
0 15 13
0 16 14
0 14 12
0 12 12
0 11 10
0 9 8
0 9 8
0 9 8
0 9 8
0 9 8
0 9 8
0 9 8
0 9 8
0 8 7
0 8 7
0 6 5
0 5 4
1 5 4
0 6 5
0 7 6
0 7 6
0 8 7
0 9 8
0 9 8
0 9 8
1 9 8
0 10 8
0 9 7
1 8 7
0 8 7
0 9 8
0 9 8
0 9 8
0 9 8
0 9 8
0 9 8
0 8 7
0 9 8
0 12 11
0 11 10
1 9 9
0 10 9
0 11 9
0 11 9
0 10 8
0 10 8
0 10 8
0 10 8
0 10 8
0 10 8
0 10 8
1 10 8
0 10 8
0 9 7
0 9 7
0 9 7
0 9 7
0 9 7
0 9 7
0 9 7
0 9 7
0 9 7
0 9 7
0 11 9
0 10 8
0 13 11
0 14 11
0 14 11
0 15 12
0 16 13
0 16 13
0 16 13
0 16 13
0 16 13
0 17 14
0 17 14
0 18 16
0 17 15
0 17 15
0 17 15
0 17 15
0 17 15
0 17 15
0 17 15
0 18 16
0 18 16
0 20 18
0 16 14
0 15 13
0 15 13
0 14 12
0 15 13
0 16 14
0 16 14
0 17 15
0 17 15
0 17 15
0 18 16
0 18 16
0 14 12
0 14 12
0 15 13
0 16 14
0 18 16
0 18 16
0 18 16
0 18 16
0 18 16
0 17 15
0 16 14
0 17 15
0 18 16
0 20 18
0 21 19
0 19 17
0 19 17
0 19 17
0 21 18
0 21 18
0 21 18
0 21 18
0 21 18
0 22 19
0 21 17
0 18 14
0 18 14
0 20 16
0 20 16
0 20 16
0 20 16
0 20 16
0 20 16
0 21 17
0 21 17
0 22 18
0 21 18
0 23 21
0 23 21
0 22 20
0 22 20
0 23 21
0 23 21
0 23 21
0 23 21
0 23 21
0 20 18
0 19 17
0 17 16
0 11 10
0 14 12
0 14 12
0 15 13
0 16 14
0 16 14
0 17 15
0 17 15
0 16 14
0 16 15
0 18 16
0 17 15
0 12 11
0 12 11
0 12 11
0 12 11
0 12 11
0 12 11
0 14 13
0 14 13
0 14 13
0 15 14
0 14 13
0 12 11
0 11 10
0 11 10
0 10 9
0 10 9
0 10 9
0 10 9
0 10 9
0 10 9
0 11 10
0 11 9
0 10 8
0 9 7
0 9 7
0 9 7
0 9 7
0 10 7
0 11 7
0 12 7
0 12 7
0 12 7
0 12 7
0 12 7
0 11 6
0 7 4
0 5 2
0 5 2
0 6 3
0 7 3
0 8 3
0 8 3
0 8 3
0 9 4
0 9 4
0 9 4
0 7 4
0 7 4
0 8 4
0 8 4
0 7 3
0 7 3
0 8 3
0 8 3
0 9 3
0 11 4
0 11 4
0 11 4
0 10 4
0 11 4
0 8 4
0 8 4
0 8 4
0 8 4
0 8 4
0 8 4
0 8 4
0 8 4
0 8 4
0 10 6
0 9 6
0 9 6
0 9 6
0 10 7
0 9 6
0 9 6
0 9 6
0 9 6
0 9 6
0 9 6
0 9 6
0 9 6
0 11 8
0 11 8
0 11 9
0 12 10
0 13 11
0 12 10
0 14 11
0 14 11
0 14 11
0 14 11
0 15 12
0 15 12
0 14 12
0 11 9
0 10 8
0 12 10
0 12 10
0 12 10
0 13 11
0 14 12
0 15 13
0 15 13
0 16 14
0 16 14
0 15 13
0 14 12
0 13 11
0 14 11
0 14 11
0 13 10
0 13 10
0 13 10
0 13 10
0 13 10
0 13 10
0 14 11
0 15 12
0 14 11
0 12 9
0 13 10
0 14 11
0 14 11
0 14 11
0 14 11
0 14 11
0 14 11
0 14 11
0 15 12
0 17 14
0 14 11
0 14 11
0 16 13
0 16 13
0 16 13
0 16 13
0 16 13
0 16 13
0 17 14
0 17 14
0 18 15
0 20 17
0 14 12
0 13 11
0 16 14
0 16 14
0 16 14
0 15 13
0 15 13
0 15 13
0 15 13
0 15 13
0 15 13
0 17 15
0 16 14
0 17 15
0 18 16
0 18 16
0 18 16
0 18 16
0 18 16
0 18 16
0 18 16
0 18 16
0 17 15
0 15 14
1 16 14
0 14 12
0 17 15
0 19 16
1 18 15
0 18 15
0 18 15
0 18 15
0 18 15
0 18 15
0 17 14
0 15 13
0 16 13
0 13 11
0 12 10
0 13 11
0 14 11
0 14 11
0 14 11
0 14 11
0 16 13
0 16 13
0 16 13
0 15 13
0 13 12
0 13 12
2 13 12
0 14 13
0 14 13
0 14 13
0 14 13
0 14 13
0 14 13
0 14 13
0 14 13
0 15 14
0 12 12
0 14 14
0 15 15
0 16 16
1 16 16
0 16 16
0 17 16
0 17 16
0 17 16
0 17 16
0 15 14
0 15 14
0 16 15
0 14 14
0 14 14
0 14 14
0 12 12
0 12 12
0 12 12
0 12 12
0 12 12
0 12 12
0 12 12
0 13 13
0 14 14
0 14 14
0 11 11
0 13 12
0 15 14
0 16 14
0 17 15
0 17 15
0 17 15
0 17 15
0 18 16
0 18 16
0 18 16
0 22 20
0 20 18
0 21 19
0 21 19
0 21 19
0 21 19
0 21 19
0 21 19
0 21 19
0 20 18
0 21 20
0 21 19
0 20 18
0 17 15
0 16 15
0 16 15
0 16 15
0 18 17
0 19 18
0 19 18
0 19 18
0 19 18
0 17 16
0 19 17
0 17 15
0 18 16
0 17 15
0 17 15
0 17 15
0 17 15
0 17 15
1 17 15
0 18 16
0 19 17
0 18 16
0 14 12
0 12 11
0 13 11
0 12 10
0 12 10
0 11 10
0 11 10
0 11 10
0 11 10
0 11 10
0 13 12
0 12 11
0 12 11
0 14 13
0 14 13
0 15 14
0 15 14
0 15 14
0 16 15
0 18 16
0 18 16
0 18 16
0 19 17
0 19 17
0 17 16
0 17 15
0 17 15
0 19 17
0 19 17
0 19 17
0 19 17
0 19 17
0 19 17
0 18 16
0 18 17
0 18 17
0 16 15
0 16 15
0 15 15
0 15 15
0 15 15
1 15 15
0 16 16
0 16 16
0 16 16
0 15 15
0 16 16
0 17 17
0 14 14
0 13 13
0 15 15
0 12 12
0 12 12
0 12 12
0 12 12
0 13 13
0 13 13
0 13 13
0 12 12
0 13 13
0 11 10
0 12 11
0 14 13
0 15 14
0 17 15
0 17 15
0 17 15
1 17 15
0 17 15
0 17 15
0 16 14
0 17 15
0 13 12
0 15 14
0 16 15
0 15 14
0 17 15
0 18 16
0 18 16
0 18 16
0 19 16
0 19 16
0 19 16
0 17 14
0 16 13
0 15 12
0 15 12
0 16 13
0 16 13
0 16 13
0 16 13
0 16 13
0 16 13
0 16 13
0 16 13
0 18 16
0 17 15
0 17 16
0 18 16
0 17 15
0 17 15
0 17 15
0 18 16
0 18 16
0 18 16
0 18 16
0 19 17
0 19 17
0 19 18
0 21 20
0 20 19
0 21 20
0 21 20
0 21 20
0 21 20
0 21 20
0 22 21
0 21 20
0 22 21
0 24 23
0 20 20
0 21 21
0 16 16
0 17 17
0 17 17
0 17 17
0 17 17
0 19 18
0 19 18
0 18 17
0 19 18
0 22 21
0 22 21
0 19 18
0 22 21
0 21 20
0 21 20
0 21 20
0 21 20
0 21 20
0 21 20
0 19 18
0 19 18
0 20 18
0 18 16
0 18 16
0 18 16
0 17 16
0 19 17
0 19 17
0 19 17
0 19 17
0 20 18
0 19 17
0 20 18
0 21 19
0 19 17
0 17 15
0 17 15
0 17 15
0 17 15
0 17 15
0 17 15
0 17 15
0 17 15
0 17 15
0 17 15
0 17 15
0 17 15
0 16 14
0 17 15
0 16 14
1 15 13
0 15 13
0 15 13
0 14 12
0 14 12
0 15 13
0 14 12
0 14 12
0 13 11
0 14 12
0 14 12
0 13 11
1 15 13
0 16 14
0 16 14
0 17 15
0 18 16
0 19 17
0 19 17
0 18 15
0 17 14
0 14 11
0 15 12
0 16 13
0 17 14
0 17 14
0 17 14
0 17 14
0 16 14
0 17 14
0 17 14
0 17 14
0 18 15
0 14 11
0 14 11
0 13 10
0 14 11
0 14 11
0 14 11
0 15 12
0 14 12
0 15 12
0 15 12
0 15 12
0 17 14
0 15 13
0 14 12
0 15 13
0 14 12
0 14 12
0 14 12
0 14 12
0 14 12
0 14 12
0 14 12
0 14 12
0 14 12
0 13 12
0 13 12
0 13 12
0 12 11
0 12 11
0 12 11
0 12 11
0 12 11
0 12 11
0 12 11
0 11 10
0 9 8
0 8 7
0 8 7
0 8 7
0 9 8
0 9 8
0 9 8
0 9 8
0 10 9
0 10 9
0 10 9
0 10 9
0 8 7
0 8 7
0 8 7
0 8 7
0 8 7
0 8 7
0 9 8
0 10 9
0 10 9
0 9 8
0 10 9
0 11 10
0 11 10
0 15 14
0 16 15
0 16 15
0 17 16
0 18 17
1 18 17
0 18 17
0 19 18
0 19 17
0 19 17
0 19 17
0 19 17
0 18 16
0 18 16
0 16 14
0 15 13
0 15 13
0 16 14
0 16 14
0 17 15
0 17 15
0 17 15
0 20 18
0 20 18
0 21 18
0 20 17
0 21 18
0 21 18
0 21 18
0 20 17
0 20 17
0 20 17
0 19 16
0 19 16
0 19 16
0 16 14
0 14 12
0 15 13
0 13 12
0 13 12
0 13 12
0 13 12
0 13 12
0 13 12
0 13 12
0 14 13
0 16 14
0 15 13
0 16 14
0 15 13
0 16 14
0 16 14
0 16 14
0 16 14
0 16 14
0 16 14
0 16 14
0 17 15
0 18 15
0 15 13
0 13 13
0 12 12
0 10 10
0 9 9
0 10 10
0 11 11
0 11 11
0 12 12
0 12 12
0 12 12
0 12 12
0 12 12
0 12 12
0 12 12
0 11 11
0 12 12
0 12 12
0 12 12
0 13 12
0 13 12
0 12 11
0 13 12
0 14 13
0 13 12
0 16 14
0 18 16
0 18 16
0 18 16
0 20 18
0 20 18
0 20 18
0 20 18
0 19 17
0 19 17
0 19 16
0 18 15
0 17 15
0 17 15
0 17 15
0 18 15
0 18 15
0 18 15
0 18 15
0 18 15
0 19 16
0 19 16
0 19 16
0 20 17
0 21 18
0 17 15
0 16 14
0 15 13
0 15 13
0 15 13
0 16 14
0 16 14
0 16 14
0 16 14
0 17 15
0 14 12
0 14 11
0 14 11
0 15 12
0 15 12
0 15 12
0 16 13
0 16 13
0 16 13
0 16 13
0 17 14
0 19 15
0 16 14
0 18 16
0 19 17
0 19 17
0 19 17
0 20 18
0 20 18
0 20 18
0 20 18
0 20 18
0 21 19
0 19 17
0 16 14
0 15 13
0 15 13
0 15 13
0 15 13
0 15 13
0 15 13
0 16 14
0 16 14
1 16 14
0 16 14
0 16 14
0 15 13
0 14 11
0 15 12
0 14 11
0 14 11
0 15 11
0 15 11
0 15 11
0 15 11
0 15 11
0 15 11
0 16 13
0 17 13
0 18 14
1 22 17
2 23 18
0 24 19
0 24 19
0 24 19
0 24 19
0 23 18
0 22 17
0 22 17
0 23 18
0 19 16
0 21 17
0 21 17
0 20 16
0 19 16
0 20 16
0 20 16
0 21 17
0 21 17
0 20 17
0 20 18
0 19 18
1 16 15
0 19 18
0 20 19
0 20 19
0 19 18
1 18 17
0 19 18
0 19 18
0 19 18
0 20 18
0 20 18
0 19 17
0 18 16
0 18 16
0 17 15
0 17 15
0 17 15
0 17 15
0 18 16
0 18 16
0 19 17
0 19 17
0 21 19
0 20 18
0 18 16
0 18 16
0 19 17
0 18 17
0 18 17
0 18 17
0 18 17
0 18 17
0 18 17
0 18 17
0 17 16
0 17 16
0 17 15
0 16 14
0 15 13
0 15 13
0 15 13
0 15 13
0 15 13
0 15 13
0 15 13
0 15 13
0 14 12
0 14 12
0 14 12
0 12 10
0 12 10
0 14 12
0 14 12
0 14 12
0 14 12
0 14 12
0 14 12
0 14 12
0 14 12
0 16 14
1 15 13
0 16 14
0 19 17
0 20 18
0 20 18
0 20 18
0 20 18
0 20 18
0 21 19
0 21 19
0 23 21
0 26 24
0 24 23
0 24 23
0 25 24
0 24 23
1 24 23
0 25 24
0 26 25
0 26 25
0 26 25
0 25 24
0 26 25
0 27 26
0 24 22
0 24 22
0 25 23
0 24 22
0 25 23
0 25 23
0 25 23
0 25 23
0 25 23
0 25 23
0 24 22
0 24 22
0 21 19
0 20 18
0 20 18
0 20 19
0 20 19
0 21 20
0 21 20
0 21 20
1 21 20
0 22 20
0 20 18
0 22 20
0 18 16
0 19 17
0 19 17
0 19 17
0 19 17
0 19 17
0 19 17
0 19 17
0 19 17
0 19 17
0 19 17
0 19 17
0 16 16
0 15 15
0 16 16
0 16 16
1 16 16
0 17 17
0 17 17
0 17 17
0 17 17
0 17 17
0 17 17
0 17 17
0 15 15
0 14 14
0 13 13
0 13 13
1 13 13
0 14 14
0 15 15
0 15 15
0 16 16
0 16 16
0 18 18
0 19 19
0 19 19
0 18 18
0 18 18
0 18 18
0 18 18
0 18 18
0 18 18
0 18 18
0 18 18
0 18 18
0 19 19
0 18 18
0 18 18
0 15 15
0 16 16
1 18 18
0 18 18
0 18 18
0 18 18
0 18 18
0 18 18
0 19 19
0 20 20
0 21 21
0 20 20
0 18 18
0 21 20
