0 16 16
0 17 17
0 17 17
0 17 17
0 18 18
0 18 18
0 20 20
0 18 18
0 19 19
0 19 19
0 19 19
0 17 17
0 16 16
0 16 16
0 16 16
0 16 16
0 17 17
0 16 16
0 17 17
0 16 16
0 17 17
0 17 17
0 16 16
0 16 16
0 16 16
0 16 16
0 16 16
0 16 16
0 16 16
0 14 14
0 14 14
0 13 13
0 10 10
0 11 11
0 12 12
0 12 12
0 13 13
0 13 13
0 13 13
0 13 13
1 13 13
0 14 14
0 14 14
0 15 15
0 14 14
1 15 15
1 16 15
0 15 14
0 15 14
0 16 15
0 16 15
0 16 15
0 17 16
0 18 17
0 18 17
0 16 15
0 18 17
0 18 17
0 18 17
0 15 14
0 15 14
0 13 12
0 13 12
0 13 12
0 13 12
0 13 12
0 12 11
0 11 11
0 11 11
0 12 12
0 11 11
0 11 11
0 11 11
0 11 11
0 11 11
0 11 11
0 11 11
0 10 10
0 10 10
0 9 9
0 9 9
0 8 8
0 8 8
0 8 8
0 8 8
0 8 8
0 8 8
0 8 8
0 8 8
0 8 8
0 7 7
0 6 6
0 6 6
0 7 7
0 7 7
0 7 7
0 7 7
0 7 7
0 7 7
0 7 7
0 7 7
0 7 7
0 7 7
0 8 8
0 8 8
0 8 8
1 9 9
1 10 10
0 11 11
0 12 12
0 12 12
0 12 12
0 11 11
0 11 11
0 11 11
0 11 11
0 9 9
0 10 10
0 11 11
0 11 11
0 12 12
0 12 12
0 12 12
0 12 12
0 12 12
0 12 12
0 13 13
0 9 9
0 11 11
0 11 11
0 12 12
0 12 12
0 12 12
0 12 12
0 12 12
0 12 12
0 12 12
0 13 13
0 13 13
0 11 11
0 11 11
1 13 13
0 13 13
0 12 12
2 13 13
0 15 15
0 15 15
0 16 16
0 16 16
0 15 15
0 15 15
0 15 15
0 15 15
0 17 17
0 16 16
1 17 16
2 16 15
1 18 17
0 19 18
1 19 18
1 20 19
0 20 19
0 17 16
0 18 17
0 17 16
1 18 17
0 19 18
0 19 18
0 20 19
0 21 20
0 21 20
0 21 20
0 21 20
0 20 19
0 20 19
0 21 20
0 21 20
0 20 19
0 18 18
0 19 19
0 19 19
0 19 19
1 19 19
0 19 19
0 17 17
0 18 18
0 18 18
0 18 18
1 17 17
0 17 17
0 17 17
0 17 17
0 16 16
0 17 17
0 17 17
0 18 18
0 18 18
0 18 18
0 18 18
0 19 19
0 19 19
0 19 19
0 20 20
0 20 20
0 19 19
0 20 20
0 20 20
0 20 20
0 19 19
0 20 20
0 16 16
0 15 15
0 14 14
0 12 12
0 12 12
0 14 14
0 13 13
0 14 14
0 14 14
0 16 16
0 17 17
0 16 16
0 15 15
0 15 15
0 15 15
0 15 15
0 15 15
0 15 15
0 14 14
0 14 14
0 14 14
0 14 14
0 14 14
0 14 14
0 13 13
0 11 11
0 9 9
0 9 9
1 9 9
0 10 10
0 11 11
0 11 11
0 11 11
0 12 12
0 12 12
0 12 12
0 12 12
0 12 12
0 10 10
0 11 11
0 9 9
0 10 10
0 11 11
0 11 11
0 11 11
0 11 11
0 12 12
0 12 12
0 12 12
0 12 12
0 12 12
0 12 12
0 12 12
0 11 11
1 11 11
0 12 12
0 12 12
0 12 12
0 13 13
0 13 13
0 14 14
1 14 14
0 16 16
0 15 15
0 15 15
0 15 15
0 16 16
0 16 16
0 16 16
0 16 16
0 16 16
0 16 16
0 15 15
0 15 15
0 14 14
0 15 15
0 14 14
0 14 14
0 14 14
0 14 14
1 14 14
0 15 15
0 15 15
0 16 16
0 15 15
1 14 14
0 11 11
0 10 10
0 10 10
0 10 10
0 10 10
0 10 10
0 10 10
0 10 10
0 10 10
0 10 10
0 8 8
0 8 8
0 10 10
0 11 11
0 10 10
0 10 10
0 11 11
0 11 11
0 11 11
0 11 11
0 11 11
0 11 11
0 12 12
0 10 10
0 11 11
0 11 11
0 11 11
1 12 12
0 13 13
0 13 13
0 13 13
0 13 13
0 14 14
0 14 14
0 13 13
0 12 12
0 14 14
0 15 15
0 15 15
0 18 17
0 18 17
0 19 18
0 18 17
0 18 17
0 17 16
0 17 16
0 16 15
0 15 14
0 17 16
0 16 15
0 17 16
0 17 16
0 15 14
0 16 15
0 16 15
0 16 15
0 16 15
0 15 14
1 16 15
0 16 15
0 17 16
0 18 17
0 18 17
0 18 17
0 18 17
0 19 18
0 19 18
0 20 19
0 20 19
0 18 17
0 19 18
0 19 18
0 19 18
0 18 17
0 18 17
0 18 17
0 18 17
0 18 17
0 18 17
0 18 17
0 18 17
0 18 17
0 18 17
0 16 15
0 16 15
0 15 14
0 13 12
0 13 12
0 13 12
0 12 11
0 13 12
0 12 11
0 12 11
0 12 11
0 12 11
0 12 11
0 13 12
0 12 11
0 12 11
0 11 10
0 11 10
0 11 10
0 11 10
0 11 10
0 10 9
0 10 9
1 11 10
0 10 9
0 10 9
0 8 7
1 7 6
0 9 8
0 9 8
0 9 8
0 9 8
0 9 8
0 9 8
0 10 9
0 9 8
0 8 7
0 9 8
0 10 9
0 9 8
1 9 8
0 10 9
0 9 8
0 9 8
0 10 9
0 10 9
0 10 9
0 11 10
1 9 8
0 9 8
0 10 9
1 10 9
0 10 9
0 10 9
0 10 9
0 10 9
0 10 9
0 10 9
0 10 9
0 9 9
0 8 8
0 8 7
0 11 10
0 11 10
0 12 11
0 12 11
0 12 11
0 12 11
0 12 11
0 12 11
0 13 11
0 12 11
0 12 11
0 10 9
0 13 12
0 12 11
1 12 11
0 13 12
0 13 12
0 13 12
0 12 11
1 12 11
0 12 11
0 9 8
0 9 8
0 8 7
0 8 7
0 10 9
0 10 9
0 11 10
0 11 10
0 11 10
0 11 10
0 11 10
0 11 10
0 11 10
0 12 11
0 10 9
0 10 9
0 12 11
0 11 10
0 11 10
0 11 10
0 11 10
0 11 10
0 11 10
0 9 8
0 10 9
0 10 9
0 11 10
0 11 10
0 12 11
0 12 11
0 12 11
0 12 11
0 12 11
0 12 11
0 12 11
0 12 11
0 12 11
0 11 10
0 11 10
0 11 10
0 11 10
0 11 10
0 11 10
0 11 10
0 11 10
0 11 10
0 11 10
0 10 9
0 10 9
0 10 9
0 9 8
0 9 8
0 9 8
0 9 8
0 9 8
0 8 7
0 8 7
0 9 8
0 9 8
0 9 8
0 9 8
0 7 6
0 6 5
0 8 7
0 8 7
0 8 7
0 8 7
0 8 7
0 9 8
0 10 9
0 10 9
0 9 8
0 9 8
0 8 8
0 10 10
1 10 10
0 13 13
0 14 14
0 14 14
0 13 13
0 13 13
0 14 14
0 14 14
0 12 12
0 12 12
0 12 12
0 12 12
0 11 11
1 9 9
1 10 10
0 10 10
0 11 11
0 11 11
0 11 11
0 11 11
0 11 11
0 11 11
0 9 9
0 10 10
0 10 10
0 11 11
0 11 11
0 11 11
0 11 11
0 12 12
0 12 12
0 11 11
0 11 11
0 10 10
0 10 10
0 8 8
0 8 8
0 8 8
0 8 8
0 7 7
0 7 7
0 7 7
0 7 7
0 8 8
0 8 8
0 8 8
0 6 6
0 5 5
0 5 5
0 4 4
0 5 5
0 6 6
0 7 7
0 7 7
0 7 7
0 8 8
1 8 8
0 8 8
0 9 9
0 8 8
0 8 8
0 8 8
0 8 8
1 10 10
0 11 11
0 11 11
0 11 11
0 10 10
0 12 12
0 12 12
0 12 12
0 16 16
1 16 16
1 15 15
1 15 15
1 15 15
1 15 15
1 15 15
0 17 17
0 17 17
0 17 17
0 16 16
0 15 15
0 16 16
0 17 17
0 16 16
0 15 15
0 15 15
0 15 15
0 15 15
0 16 16
0 17 17
0 17 17
0 16 16
0 14 14
2 12 12
0 12 12
0 12 12
0 12 12
0 12 12
0 12 12
0 12 12
0 12 12
0 11 11
0 11 11
0 10 10
0 7 7
0 5 5
0 5 5
0 5 5
0 5 5
0 5 5
0 5 5
0 5 5
0 5 5
0 5 5
0 6 6
0 5 5
0 6 6
0 6 6
0 6 6
0 7 7
0 7 7
0 7 7
0 7 7
0 7 7
0 8 8
0 8 8
0 9 9
0 9 9
0 7 7
0 7 7
0 9 9
0 11 10
0 12 11
0 12 11
0 12 11
0 12 11
0 13 12
0 13 12
0 13 12
0 12 11
0 11 10
0 9 8
0 8 7
0 7 6
0 10 9
0 10 9
0 10 9
0 10 9
1 10 9
0 10 9
0 10 9
0 9 9
0 8 8
0 7 7
0 9 9
1 8 8
0 10 10
0 9 9
0 9 9
0 9 9
0 9 9
0 9 9
0 8 8
0 7 7
0 6 6
0 7 7
0 8 8
0 8 8
0 8 8
0 9 9
0 9 9
0 9 9
0 9 9
0 9 9
0 8 8
0 8 8
0 8 8
0 8 8
0 8 8
0 8 8
0 8 8
0 9 9
0 9 9
0 9 9
0 9 9
0 9 9
0 8 8
0 7 7
0 5 5
0 4 4
0 5 5
0 5 5
0 5 5
0 5 5
0 6 6
0 6 6
0 6 6
0 6 6
0 6 6
1 7 7
0 8 8
0 8 8
0 9 9
0 9 9
0 9 9
1 9 9
0 9 9
0 9 9
0 9 9
0 9 9
0 9 9
0 9 9
0 7 7
0 6 6
0 7 7
0 7 7
0 7 7
0 7 7
0 8 8
0 8 8
0 9 9
0 7 7
0 8 8
0 8 8
0 7 7
0 7 7
0 7 7
0 8 7
0 8 7
0 8 7
0 8 7
0 9 8
0 9 8
0 8 7
0 7 6
1 8 7
0 8 7
0 9 8
1 9 8
0 9 8
0 9 8
0 9 8
0 9 8
0 9 8
0 9 8
0 10 9
0 10 9
0 9 9
0 10 10
0 7 7
1 8 8
0 8 8
0 8 8
0 9 9
0 9 9
0 9 9
0 9 9
0 9 9
0 9 9
0 9 9
0 9 9
0 10 10
0 11 11
0 11 11
0 12 12
0 11 11
0 11 11
0 11 11
0 11 11
0 12 12
0 12 12
0 12 12
0 10 10
0 11 11
0 11 11
0 10 10
0 10 10
0 10 10
0 10 10
0 10 10
0 10 10
0 10 10
0 9 9
0 9 9
0 7 7
0 7 7
1 8 8
0 10 10
0 10 10
1 11 11
0 12 12
0 13 13
0 13 13
0 14 14
0 14 14
0 15 15
0 14 14
0 13 13
0 12 12
1 12 12
0 13 13
0 13 13
0 13 13
0 13 13
0 13 13
0 13 13
0 11 11
0 12 12
0 12 12
0 13 13
0 13 13
0 13 13
0 15 15
0 14 14
0 15 15
0 15 15
0 15 15
0 15 15
0 15 15
0 14 14
0 13 13
0 12 12
0 12 12
0 11 11
0 11 11
0 11 11
0 11 11
0 11 11
0 12 12
0 13 12
0 14 13
0 15 14
1 15 14
0 15 14
0 15 14
1 15 14
0 16 15
0 16 15
0 16 15
0 16 15
0 17 16
0 17 16
0 17 16
0 16 15
0 16 15
0 16 15
0 17 16
0 17 16
0 17 16
0 17 16
0 17 16
0 17 16
0 17 16
2 16 15
1 17 16
0 17 16
0 15 15
1 15 15
0 17 17
0 15 15
0 16 16
0 16 16
0 18 18
0 18 18
0 17 17
0 18 18
0 18 18
0 18 18
0 16 16
0 13 13
0 14 14
0 14 14
0 14 14
0 14 14
0 15 15
0 14 14
0 15 15
0 15 15
0 15 15
0 15 15
0 15 15
0 16 16
0 14 14
0 14 14
0 14 14
0 14 14
0 14 14
0 14 14
0 14 14
0 14 14
0 14 14
0 14 14
1 14 14
0 15 15
0 15 15
0 16 15
0 16 15
0 16 15
0 18 17
0 18 17
0 18 17
0 18 17
0 17 16
0 18 17
0 17 16
0 17 16
0 17 16
0 19 18
0 19 18
0 19 18
0 18 17
0 18 17
0 19 18
0 19 18
0 18 16
0 17 15
0 17 15
0 19 18
0 17 15
0 17 15
0 17 15
0 17 15
0 17 15
0 17 15
0 17 15
0 16 14
0 15 13
0 15 13
0 15 13
0 12 10
0 14 12
0 14 12
0 14 12
0 14 12
0 14 13
1 14 13
0 14 13
0 14 13
0 13 12
1 13 12
0 13 12
0 13 12
0 12 11
0 10 9
0 9 8
1 10 9
0 11 10
0 11 10
0 11 10
0 10 9
0 11 10
0 10 9
0 9 8
0 9 8
1 10 9
0 10 9
0 11 10
1 11 10
1 11 10
1 11 10
1 11 10
1 11 10
1 11 10
0 11 11
0 11 11
0 10 10
0 10 10
0 10 10
0 13 13
0 13 13
0 13 13
0 13 13
0 13 13
0 13 13
0 13 13
0 13 13
0 13 13
0 12 12
0 10 10
0 11 11
0 12 12
0 11 11
0 11 11
0 11 11
0 10 10
0 9 9
1 9 9
0 10 10
0 8 8
0 8 8
0 8 8
0 7 7
1 7 7
0 7 7
0 7 7
0 8 8
0 8 8
0 8 8
0 8 8
0 8 8
0 9 9
0 9 9
1 10 10
0 11 11
0 12 12
0 12 12
0 12 12
0 12 12
0 12 12
0 12 12
0 12 12
0 10 10
0 10 10
0 10 10
0 10 10
0 10 10
0 11 11
0 11 11
0 12 12
0 11 11
0 12 12
0 12 12
0 12 12
0 12 12
0 12 12
0 12 12
0 13 13
0 13 13
0 13 13
0 14 14
0 14 14
0 14 14
0 14 14
0 14 14
0 15 15
0 13 13
0 13 13
0 13 13
0 13 13
0 13 13
0 14 14
0 14 14
0 14 14
0 14 14
0 15 15
0 15 15
0 15 15
0 13 13
0 15 15
0 13 13
1 17 16
0 16 15
0 17 16
0 18 17
0 19 18
0 19 18
0 19 18
0 19 18
0 19 18
0 17 16
0 16 15
1 16 15
0 17 16
0 15 14
0 16 15
0 16 15
0 16 15
0 16 15
1 16 15
0 17 16
0 17 17
0 18 18
0 18 18
0 18 17
0 15 14
0 15 14
0 15 14
0 15 14
0 15 14
0 15 14
0 15 14
0 15 14
0 16 15
0 15 14
0 14 13
0 15 14
0 16 15
0 16 15
0 15 14
0 16 15
0 16 15
0 16 15
0 16 15
0 17 16
0 17 16
0 16 15
0 15 15
0 14 14
0 16 16
0 16 16
0 16 16
0 15 15
0 15 15
0 15 15
0 16 16
0 16 16
0 16 16
0 16 16
0 16 16
0 15 15
0 16 16
0 17 17
0 18 18
0 19 19
0 20 20
0 20 20
0 20 20
0 20 20
0 16 16
0 17 17
0 18 18
0 18 18
0 17 17
0 18 18
0 19 19
0 18 18
0 20 20
0 20 20
0 20 20
0 20 20
0 20 20
0 18 18
0 17 17
0 16 16
0 16 16
0 15 15
0 16 16
0 15 15
0 16 16
0 16 16
0 16 16
0 15 15
0 17 16
0 15 14
0 14 13
0 14 13
0 14 13
0 14 13
0 14 13
0 15 14
0 15 14
0 16 15
0 17 16
0 17 16
0 18 17
0 16 16
0 15 15
0 11 11
0 10 10
0 10 10
0 11 11
0 11 11
0 13 13
0 13 13
0 13 13
0 13 13
0 13 13
0 11 11
1 11 11
0 13 13
0 14 14
0 13 13
0 13 13
0 14 14
0 15 15
0 16 16
0 17 17
0 17 17
0 17 17
1 15 15
0 15 15
0 16 16
0 17 17
0 16 16
0 16 16
0 16 16
0 16 16
0 16 16
0 16 16
0 16 16
0 15 15
0 14 14
0 13 13
0 16 16
0 14 14
1 14 14
0 14 14
0 13 13
0 13 13
0 14 14
0 14 14
0 14 14
0 13 13
0 13 13
0 13 13
0 13 13
0 13 13
0 11 11
0 11 11
1 11 11
1 12 12
0 13 13
0 13 13
0 14 14
0 13 13
1 11 11
0 11 11
1 10 10
0 10 10
0 10 10
0 9 9
0 9 9
0 10 10
0 11 11
0 11 11
0 11 11
0 11 11
0 11 11
0 9 9
0 10 10
0 10 10
0 12 12
0 13 13
0 14 14
0 14 14
0 14 14
0 14 14
0 14 14
0 12 12
0 13 13
0 13 13
0 13 13
0 14 14
0 12 12
0 11 11
0 13 13
0 15 15
0 14 14
0 14 14
0 14 14
0 15 15
0 14 14
0 14 14
1 15 15
1 12 12
1 12 12
0 14 14
0 15 15
0 15 15
0 15 15
0 15 15
0 16 16
0 15 15
0 15 15
0 14 14
0 11 11
0 12 12
0 12 12
0 12 12
0 12 12
1 12 12
0 13 13
0 13 13
0 13 13
0 13 13
0 13 13
0 13 13
0 13 13
0 13 13
0 13 13
0 13 13
0 14 14
0 14 14
0 14 14
0 14 14
0 14 14
0 14 14
1 13 13
0 14 14
0 11 11
0 10 10
0 10 10
0 10 10
0 11 11
0 12 12
0 12 12
0 12 12
0 13 13
0 13 13
0 10 10
1 9 9
0 12 12
0 11 11
0 11 11
1 11 11
0 11 11
0 10 10
0 10 10
0 11 11
0 11 11
0 11 11
0 11 11
0 10 10
0 11 11
0 12 12
0 12 12
0 13 13
0 13 13
0 14 14
0 14 14
0 14 14
0 14 14
0 15 15
1 14 14
0 13 13
0 15 15
0 12 12
0 13 13
0 13 13
0 13 13
0 13 13
0 13 13
0 13 13
0 13 13
0 12 12
0 12 12
0 11 11
0 11 11
1 11 11
0 15 15
0 15 15
0 15 15
0 15 15
0 16 16
0 16 16
0 15 15
0 15 15
0 16 16
0 13 13
0 11 11
0 10 10
0 11 11
0 12 12
0 12 12
0 12 12
0 12 12
0 12 12
0 12 12
0 12 12
0 12 12
0 11 11
1 12 12
0 13 13
0 13 13
0 12 12
0 12 12
0 13 13
0 13 13
0 13 13
0 14 14
0 14 14
0 14 14
0 14 14
0 14 14
0 15 15
0 15 15
0 15 15
0 15 15
0 15 15
0 16 16
0 17 17
0 18 18
0 18 18
0 18 18
0 17 17
0 16 16
0 14 14
0 15 15
0 15 15
0 16 16
0 17 17
0 18 18
0 18 18
0 18 18
0 18 18
0 18 18
0 17 17
0 17 17
0 17 17
0 18 18
0 19 19
0 19 19
0 19 19
0 19 19
0 19 19
0 19 19
1 19 19
1 19 18
0 18 17
0 19 18
0 19 18
0 19 18
0 19 18
0 19 18
0 20 19
0 20 19
0 19 18
0 18 17
0 18 17
0 20 19
0 17 16
0 16 15
0 16 15
0 15 14
0 15 14
0 15 14
0 14 13
0 15 14
0 15 14
0 15 14
0 15 14
0 13 12
0 13 12
0 13 12
0 13 12
0 13 12
0 13 12
0 13 12
0 14 13
0 13 12
0 13 12
0 13 12
0 13 12
0 13 12
1 12 11
0 13 12
0 13 12
0 12 11
0 13 12
0 13 12
0 13 12
0 13 12
0 14 13
0 13 12
0 13 12
0 12 11
0 11 10
0 11 10
0 11 10
0 11 10
0 11 10
0 12 11
0 12 11
0 14 13
0 14 13
0 14 13
0 12 11
0 12 12
0 13 12
0 14 13
0 13 12
0 14 13
1 14 13
1 14 13
0 14 13
0 14 13
0 15 14
0 16 15
0 17 16
0 17 17
0 15 15
0 15 15
0 14 14
0 14 14
0 14 14
0 15 15
0 15 15
0 15 15
0 15 15
0 16 16
0 16 16
0 16 16
0 14 14
1 15 15
0 13 13
0 13 13
0 13 13
0 14 14
0 14 14
0 15 15
0 15 15
0 15 15
0 14 14
0 14 14
1 15 15
0 15 15
0 14 14
0 14 14
0 13 13
0 13 13
0 13 13
0 13 13
0 14 14
0 14 14
0 13 13
0 12 12
0 11 11
0 10 10
0 11 11
0 11 11
0 11 11
0 11 11
0 11 11
1 10 10
0 10 10
0 10 10
0 10 10
0 10 10
0 8 8
0 7 7
0 7 7
0 7 7
0 7 7
0 7 7
0 7 7
0 7 7
0 8 8
0 8 8
0 8 8
0 8 8
0 7 7
0 8 8
0 8 8
0 9 9
0 9 9
0 10 10
0 11 11
0 12 12
0 12 12
0 12 12
0 12 12
0 12 12
0 13 13
0 13 13
0 13 13
0 13 13
0 13 13
0 14 14
0 15 15
0 15 15
0 15 15
0 15 15
0 15 15
0 13 13
0 13 13
0 12 12
0 11 11
0 12 12
0 12 12
1 12 12
0 13 13
0 13 13
0 13 13
0 12 12
0 13 13
0 14 14
0 13 13
0 14 14
0 14 14
0 13 13
0 13 13
0 14 14
0 14 14
0 14 14
0 14 14
0 15 15
0 14 14
0 13 13
0 13 13
0 14 14
0 14 14
0 14 14
0 13 13
0 13 13
0 14 14
0 14 14
0 14 14
0 14 14
0 14 14
0 12 12
0 10 10
0 9 9
0 8 8
0 8 8
0 8 8
0 8 8
0 8 8
0 8 8
0 7 7
0 6 6
0 6 6
0 6 6
0 5 5
0 8 8
0 8 8
0 9 9
1 9 9
0 9 9
0 9 9
0 9 9
0 9 9
0 9 9
0 9 9
0 9 9
0 8 8
0 7 7
1 8 8
0 10 10
0 8 8
0 8 8
0 8 8
0 9 9
0 10 10
0 10 10
0 11 11
0 11 11
0 11 11
0 11 11
0 12 12
0 12 12
0 13 13
0 14 13
0 15 14
0 15 14
0 15 14
0 16 15
0 17 16
1 16 15
1 16 15
0 15 14
0 15 14
0 15 14
0 14 13
0 14 13
0 14 13
0 16 15
0 17 16
0 17 16
0 17 16
0 16 15
0 16 15
0 16 15
0 16 15
0 16 15
1 16 15
0 16 15
0 17 16
0 18 17
0 18 17
0 19 18
0 17 16
0 17 16
0 16 15
0 14 13
0 14 13
0 14 13
1 14 13
0 15 14
0 14 13
1 14 13
1 14 13
0 15 14
0 15 14
0 15 14
0 17 16
0 17 16
0 15 15
1 14 14
0 15 15
0 15 15
0 15 15
0 16 16
0 17 17
0 17 17
0 18 18
0 16 16
1 16 16
0 15 15
0 16 16
0 17 17
0 17 17
0 17 17
0 17 17
0 17 17
0 18 18
0 18 18
0 17 17
0 18 18
0 17 17
0 18 18
0 16 16
0 16 16
0 16 16
0 17 17
0 19 19
0 19 19
0 19 19
0 19 19
0 19 19
0 17 17
0 16 16
0 16 16
0 15 15
0 16 16
0 16 16
0 18 17
0 18 17
0 18 17
0 17 16
0 17 16
0 17 16
1 17 16
0 17 16
1 14 13
0 14 13
0 14 13
0 14 13
0 14 13
0 14 13
0 14 13
0 14 13
0 15 14
0 14 13
0 13 13
0 13 13
0 13 13
0 14 14
0 14 14
0 12 12
0 13 13
0 14 14
0 14 14
0 14 14
0 14 14
0 13 13
0 13 13
0 12 12
0 12 12
0 11 11
0 11 11
0 11 11
0 11 11
0 11 11
0 11 11
0 11 11
0 13 13
0 14 14
0 15 14
0 15 14
0 15 14
0 15 14
0 15 14
0 14 13
0 14 13
0 14 13
0 14 13
0 14 13
0 14 13
0 13 12
0 11 10
0 12 11
0 12 11
0 11 10
0 12 11
0 14 13
0 15 14
0 15 14
0 16 15
1 16 15
0 16 15
0 15 14
1 15 14
0 14 13
0 13 12
1 12 11
0 13 12
0 14 13
0 14 13
0 14 13
0 14 13
0 14 13
0 14 13
0 14 13
0 14 13
1 14 13
1 15 15
1 15 15
0 15 15
0 16 16
0 17 17
0 17 17
0 17 17
0 15 15
0 15 15
0 15 15
0 13 13
0 16 16
0 17 17
0 14 14
0 14 14
0 14 14
0 13 13
0 13 13
0 13 13
0 13 13
0 13 13
0 13 13
0 13 13
0 13 13
0 14 14
0 14 14
0 15 15
0 14 14
1 13 13
0 13 13
0 13 13
0 13 13
0 13 13
0 14 14
0 12 12
0 12 12
0 11 11
0 12 12
0 12 12
0 12 12
0 12 12
0 12 12
0 12 12
0 12 12
0 12 12
0 11 11
0 8 8
0 9 9
0 9 9
0 9 9
0 10 10
0 11 11
0 12 12
0 12 12
0 12 12
0 12 12
0 12 12
0 13 13
0 11 11
0 10 10
0 10 10
1 11 11
0 12 12
0 12 12
0 13 13
0 13 13
0 13 13
0 15 15
0 15 15
0 15 15
0 11 11
0 12 12
0 12 12
0 10 10
0 10 10
0 10 10
0 11 11
0 11 11
0 12 12
0 12 12
0 13 13
0 13 13
0 13 13
0 12 12
1 14 14
0 14 14
0 15 15
0 14 14
0 14 14
0 14 14
0 14 14
0 14 14
0 14 14
0 14 14
0 13 13
0 12 12
0 13 13
0 13 13
0 13 13
0 13 13
0 13 13
0 14 14
0 15 15
0 15 15
0 16 16
0 14 14
0 15 15
0 15 15
0 16 16
0 16 16
0 16 16
0 16 16
0 16 16
0 15 15
0 15 15
0 14 14
0 14 14
0 13 13
0 13 13
0 12 12
0 11 11
0 11 11
0 11 11
0 10 10
0 11 11
0 13 13
0 13 13
0 15 15
0 15 15
0 14 14
0 13 13
0 12 12
0 14 14
0 14 14
0 12 12
0 12 12
0 12 12
0 13 13
0 13 13
0 13 13
0 13 13
0 13 13
0 13 13
0 14 14
0 11 11
0 8 8
0 8 8
0 8 8
0 8 8
0 8 8
0 8 8
0 8 8
0 8 8
0 8 8
0 7 7
0 7 7
0 7 7
0 9 9
0 11 11
0 12 12
0 12 12
0 12 12
0 12 12
0 12 12
0 12 12
0 11 11
0 11 11
0 11 11
0 11 11
0 10 10
0 10 10
0 10 10
0 10 10
0 10 10
0 10 10
0 10 10
0 10 10
0 9 9
0 9 9
1 9 9
0 9 9
0 9 9
0 9 9
0 9 9
0 9 9
0 9 9
0 10 10
0 10 10
0 10 10
0 11 11
0 11 11
1 11 11
1 13 13
0 15 15
0 14 14
1 15 15
0 16 16
0 16 16
0 16 16
0 16 16
0 16 16
0 16 16
0 15 14
0 15 14
0 15 14
0 15 14
0 17 15
0 18 16
0 19 17
0 19 17
0 18 16
0 18 16
0 18 16
0 18 16
0 16 14
0 17 16
0 16 15
0 16 15
0 16 15
0 17 16
0 16 15
0 16 15
0 16 15
0 16 15
1 16 15
0 17 16
0 16 15
0 15 14
0 14 13
0 11 10
0 10 9
0 9 8
1 9 8
0 10 9
0 10 9
0 10 9
0 11 10
0 11 10
0 11 10
0 12 11
0 12 11
0 12 11
0 12 11
0 13 12
0 13 12
0 12 11
0 15 13
0 15 13
0 14 12
0 13 12
0 13 12
0 13 12
0 14 13
0 15 14
0 14 13
0 14 13
0 15 14
0 15 14
0 15 14
0 15 14
0 15 14
0 15 14
0 13 12
0 11 10
0 11 10
0 11 10
1 9 8
0 11 10
0 11 10
0 12 11
0 12 11
0 12 11
0 12 11
0 13 12
0 12 11
0 13 12
0 14 13
0 13 12
0 11 10
0 11 10
0 11 10
0 11 10
0 12 11
0 12 11
0 13 12
0 13 12
0 14 13
0 14 13
0 12 11
0 13 12
0 12 11
0 12 11
0 12 11
0 13 12
0 13 12
0 13 12
0 13 12
0 13 12
0 12 11
0 13 12
0 13 12
1 15 14
1 15 14
0 13 12
0 13 12
0 13 12
0 14 13
0 14 14
0 15 14
0 14 13
0 14 13
0 11 10
0 12 11
0 13 12
0 12 11
0 13 12
0 14 13
0 14 13
0 14 13
0 14 13
0 14 13
0 14 13
0 13 12
0 12 11
0 10 9
0 10 9
0 9 8
0 9 8
0 9 8
0 10 9
0 10 9
0 10 9
0 11 10
0 11 10
0 12 11
0 11 10
0 11 10
0 10 9
0 10 9
0 9 8
0 9 8
0 9 8
0 9 8
0 9 8
0 9 8
0 9 8
0 9 8
0 10 8
0 11 9
0 11 9
0 11 9
0 12 10
0 12 10
0 12 10
0 12 10
0 12 10
0 13 11
0 12 10
0 13 11
0 13 11
0 12 11
0 12 11
0 12 11
0 12 11
0 13 12
0 13 12
0 13 12
0 13 12
0 13 12
0 11 11
0 9 9
0 10 10
0 9 8
0 8 7
0 7 6
0 7 6
0 7 6
0 7 6
0 7 6
0 7 6
0 7 6
0 7 6
0 6 5
0 7 6
0 7 6
0 7 7
0 8 8
0 9 9
0 9 9
0 9 9
0 9 9
0 9 9
0 9 9
0 9 9
0 9 9
1 9 9
0 10 10
0 10 10
0 10 10
0 9 9
0 10 10
0 11 11
0 11 11
0 11 11
0 11 11
0 11 11
0 10 10
0 9 9
0 10 10
1 9 9
0 10 10
0 10 10
0 11 11
0 11 11
0 11 11
0 11 11
0 12 12
0 11 11
0 11 11
0 12 12
0 9 9
0 10 10
0 10 10
0 10 10
0 10 10
0 10 10
0 10 10
0 10 10
0 10 10
0 9 9
0 10 10
0 6 6
0 6 6
0 5 5
0 6 6
0 6 6
1 5 5
0 8 8
0 8 8
0 8 8
0 8 8
0 7 7
0 7 7
0 7 7
0 10 10
0 11 11
0 14 14
0 14 14
0 16 16
0 16 16
0 16 16
0 16 16
0 17 17
0 17 17
0 15 15
0 15 15
0 14 14
0 12 12
0 11 10
0 12 11
0 12 11
0 12 11
0 12 11
0 12 11
0 12 11
0 12 11
0 13 12
0 11 10
0 11 10
0 10 9
0 10 9
0 11 10
0 11 10
0 11 10
0 11 10
0 11 10
0 10 9
0 11 10
0 9 9
0 10 10
0 10 10
0 10 10
0 11 11
0 11 11
0 11 11
0 11 11
0 11 11
0 11 11
0 11 11
0 11 11
0 11 11
0 11 11
0 10 10
0 10 10
0 10 10
0 11 11
0 12 12
0 12 12
0 12 12
0 12 12
0 12 12
0 12 12
0 12 12
0 11 11
0 9 9
0 8 8
0 8 8
0 8 8
1 9 9
0 9 9
0 9 9
0 9 9
0 9 9
0 10 10
0 9 9
0 9 9
0 10 10
0 9 9
0 9 9
0 9 9
0 9 9
0 9 9
0 9 9
0 9 9
0 9 9
0 9 9
0 8 8
0 11 11
0 12 12
0 11 11
0 11 11
0 12 12
0 12 12
0 12 12
0 12 12
0 12 12
0 12 12
0 11 11
0 8 8
0 8 8
0 10 10
0 11 11
0 12 12
1 13 13
0 13 13
0 13 13
0 13 13
0 13 13
0 13 13
0 12 12
0 11 11
0 12 12
0 12 12
0 12 12
0 10 10
0 10 10
0 11 11
0 11 11
0 11 11
0 12 12
0 13 13
0 14 14
0 14 14
0 13 13
0 13 13
0 13 13
0 12 12
0 12 12
0 11 11
0 11 11
0 12 12
0 12 12
0 13 13
0 12 12
0 11 11
0 11 11
0 9 9
0 8 8
0 8 8
0 9 9
0 9 9
0 9 9
0 9 9
0 9 9
0 9 9
0 8 8
0 8 8
0 9 9
0 9 9
0 10 10
0 10 10
0 10 10
0 10 10
0 10 10
0 10 10
0 10 10
0 10 10
0 10 10
0 9 9
0 10 10
0 10 10
0 11 11
0 9 9
1 9 9
0 10 10
0 11 11
0 12 12
0 12 12
0 10 10
0 13 13
0 13 13
0 12 12
0 11 11
0 10 10
0 8 8
0 9 9
1 9 9
0 9 9
0 9 9
0 10 10
1 9 9
1 9 9
0 11 11
0 11 11
0 13 13
0 12 12
0 13 13
0 13 13
0 13 13
0 12 12
0 12 12
0 12 12
0 12 12
0 12 12
0 11 11
0 11 11
0 11 11
1 11 11
1 11 11
1 12 12
0 13 13
0 14 14
0 14 14
0 14 14
0 14 14
0 14 14
0 13 13
0 14 14
0 14 14
0 14 14
0 14 14
0 14 14
0 14 14
0 15 15
0 15 15
0 15 15
0 15 15
0 16 16
0 17 17
0 15 15
0 14 14
0 14 14
0 12 12
0 15 15
0 15 15
0 15 15
0 15 15
0 16 16
0 15 15
0 15 15
0 12 12
0 11 11
0 12 12
0 13 13
0 13 13
0 13 13
0 13 13
0 13 13
0 14 14
0 14 14
0 14 14
0 14 14
0 13 13
0 13 13
0 11 11
0 11 11
0 11 11
0 11 11
0 12 12
0 12 12
0 12 12
0 12 12
0 14 14
0 15 15
0 13 13
0 14 14
0 14 14
0 14 14
0 14 14
0 14 14
0 14 14
0 14 14
0 14 14
0 14 14
0 14 14
0 13 13
0 13 13
0 12 12
0 12 12
0 13 13
1 15 15
0 16 16
0 16 16
0 16 16
0 16 16
0 16 16
0 16 16
0 15 15
0 15 15
0 14 14
0 15 15
0 13 13
0 14 14
0 13 13
1 14 14
0 15 15
0 15 15
0 15 15
0 15 15
0 14 14
0 14 14
0 14 14
0 14 14
0 12 12
0 11 11
0 12 12
0 14 14
0 14 14
0 15 15
0 15 15
0 14 14
0 15 15
0 14 14
0 15 15
0 16 16
0 16 16
0 16 16
0 17 17
0 17 17
0 18 18
0 18 18
0 18 18
0 18 18
0 18 18
0 14 14
0 14 14
0 14 14
0 14 14
0 14 14
0 14 14
0 14 14
0 14 14
0 14 14
0 14 14
0 14 14
0 12 12
0 10 10
0 9 9
0 10 10
1 10 10
0 11 11
0 10 10
0 10 10
0 10 10
0 10 10
0 10 10
0 10 10
0 10 10
0 10 10
0 9 9
0 8 8
1 9 9
0 8 8
0 7 7
0 7 7
0 7 7
0 7 7
0 7 7
0 7 7
0 7 7
0 7 7
0 5 5
0 7 7
0 6 6
0 7 7
0 7 7
0 7 7
0 7 7
0 10 10
0 10 10
0 10 10
0 10 10
0 9 9
0 8 8
0 8 8
0 10 10
0 11 11
1 11 11
0 10 10
0 11 10
0 12 11
0 12 11
0 12 11
0 11 10
0 10 9
0 10 9
0 11 10
0 12 11
0 11 10
0 11 10
0 11 10
0 12 11
0 12 11
0 12 11
0 12 11
0 13 12
0 12 12
0 11 11
0 9 9
0 10 10
0 10 10
0 11 11
0 11 11
0 11 11
0 11 11
0 11 11
0 11 11
0 11 11
0 11 11
0 9 9
0 8 8
0 8 8
0 9 9
0 10 10
0 10 10
0 10 10
0 10 10
0 10 10
1 10 10
0 12 12
0 13 13
0 14 14
0 14 14
0 14 14
0 14 14
0 14 14
0 14 14
1 14 14
0 15 15
0 15 15
0 15 15
0 14 14
0 13 13
0 12 12
0 13 13
0 12 12
0 11 11
0 11 11
0 11 11
0 11 11
0 11 11
0 12 11
0 12 11
0 11 10
0 10 9
0 9 8
0 9 8
1 10 9
0 9 8
0 9 8
0 9 8
0 9 8
1 9 8
0 10 9
0 10 9
0 10 9
0 10 9
0 10 9
0 11 10
0 13 12
0 14 13
0 14 13
0 14 13
0 14 13
0 14 13
0 14 13
0 14 13
0 13 12
0 11 10
0 8 7
0 7 6
0 7 6
0 7 6
0 7 6
1 8 7
0 9 8
0 9 8
0 9 8
0 9 8
0 9 8
0 9 8
1 9 8
0 8 7
0 6 5
0 5 5
0 5 5
0 5 5
0 5 5
0 5 5
0 5 5
0 6 6
0 6 6
0 6 6
0 5 5
0 6 6
0 5 5
0 5 5
0 6 6
0 6 6
0 6 6
0 6 6
0 6 6
0 7 7
0 7 7
0 5 5
0 5 5
0 6 6
0 6 6
0 7 7
0 7 7
0 7 7
0 7 7
0 7 7
0 8 8
0 8 8
0 8 8
0 8 8
0 8 8
0 9 9
0 7 7
0 9 9
0 9 9
0 10 10
0 10 10
0 10 10
0 10 10
0 9 9
0 9 9
0 8 8
0 7 7
0 9 9
0 9 9
0 10 10
0 10 10
0 10 10
1 10 10
1 10 10
0 11 11
0 12 12
0 12 12
0 12 12
1 11 11
0 11 11
0 12 12
0 14 14
0 14 14
0 14 14
1 13 13
0 12 12
0 12 12
0 12 12
0 11 11
0 12 12
0 10 10
0 10 10
0 11 11
0 12 12
0 10 10
0 10 10
0 10 10
0 11 11
0 10 10
0 10 10
0 10 10
0 9 9
0 8 8
0 10 10
0 9 9
0 9 9
0 8 8
0 8 8
0 9 9
0 9 9
0 9 9
0 10 10
0 10 10
0 9 9
0 9 9
0 8 8
0 8 8
0 8 8
0 7 7
0 7 7
0 7 7
0 7 7
0 7 7
0 8 8
0 8 8
0 8 8
0 8 8
0 7 7
0 7 7
0 7 7
0 7 7
0 7 7
0 7 7
0 7 7
0 7 7
0 7 7
0 7 7
0 9 9
0 8 8
0 8 8
0 9 9
0 10 10
0 12 12
0 12 12
1 12 12
0 13 13
0 13 13
0 13 13
0 13 13
0 12 12
0 10 10
0 9 9
0 9 9
0 8 8
0 8 8
0 9 9
0 9 9
0 10 10
0 9 9
0 9 9
0 9 9
0 7 7
0 6 6
0 7 7
0 8 8
0 7 7
0 7 7
0 7 7
0 7 7
0 7 7
0 9 9
0 9 9
0 8 8
0 7 7
0 7 7
0 7 7
0 8 8
0 8 8
1 9 9
0 10 10
0 10 10
0 10 10
0 10 10
0 9 9
0 9 9
0 9 9
0 7 7
0 8 8
0 8 8
0 8 8
0 8 8
1 8 8
0 8 8
0 8 8
0 8 8
0 8 8
0 9 9
0 8 8
0 8 8
0 8 8
0 9 9
0 10 10
0 10 10
0 10 10
0 10 10
0 10 10
0 10 10
0 10 10
0 9 9
0 10 10
0 12 12
0 11 11
0 11 11
0 12 12
0 12 12
0 12 12
0 12 12
0 12 12
0 12 12
0 12 12
0 11 11
0 11 11
0 11 11
0 10 10
0 11 11
0 10 10
0 9 9
0 9 9
0 9 9
0 10 10
0 10 10
0 10 10
0 10 10
0 11 11
0 12 12
0 12 12
0 11 11
0 9 9
0 11 11
0 11 11
0 11 11
0 12 12
0 12 12
0 12 12
0 11 11
0 11 11
0 10 10
0 9 9
0 10 10
1 11 11
0 12 12
0 13 13
0 13 13
0 14 14
0 14 14
0 14 14
0 14 14
0 13 13
0 13 13
0 13 13
0 13 13
0 12 12
0 12 12
0 12 12
0 12 12
0 12 12
0 12 12
0 12 12
0 12 12
0 11 11
0 11 11
0 10 10
0 11 11
0 12 12
0 13 13
0 14 14
0 13 13
0 13 13
0 13 13
0 13 13
0 14 13
0 13 12
0 13 12
0 13 12
0 10 9
0 11 10
0 11 10
0 11 10
1 11 10
0 13 12
0 13 12
0 13 12
0 13 12
0 13 12
0 12 12
0 13 13
0 12 12
0 13 12
0 14 13
0 13 12
0 13 12
0 13 12
0 13 12
0 13 12
0 12 11
0 13 12
0 13 12
0 13 12
0 13 12
1 13 12
0 12 11
0 14 13
0 15 14
0 15 14
0 15 14
0 15 14
0 15 14
0 15 14
0 15 14
0 16 15
0 16 16
0 15 15
0 15 15
1 15 15
1 16 16
0 17 17
0 17 17
0 17 17
0 16 16
0 16 16
1 16 16
0 17 17
0 17 17
1 16 16
1 18 18
0 18 18
0 19 19
0 20 20
0 20 20
0 20 20
0 19 19
0 18 18
0 16 16
0 17 17
0 16 16
0 16 16
0 16 16
0 16 16
0 16 16
0 16 16
0 16 16
0 16 16
0 16 16
0 15 15
0 14 14
0 13 13
0 12 12
0 13 13
0 13 13
0 15 15
0 16 16
0 16 16
0 16 16
0 16 16
0 16 16
0 14 14
0 11 11
0 10 10
1 10 10
0 10 10
0 10 10
0 11 11
0 11 11
0 11 11
0 11 11
0 11 11
0 12 12
0 13 13
0 13 13
0 13 13
0 13 13
0 13 13
0 13 13
0 13 13
0 14 14
0 14 14
0 14 14
0 14 14
0 13 13
0 13 13
0 13 13
0 12 12
0 13 13
0 14 14
0 14 14
0 14 14
0 14 14
1 14 14
0 15 15
0 15 15
0 14 14
0 13 13
0 15 15
0 15 15
0 14 14
0 15 15
0 15 15
0 16 16
0 16 16
0 16 16
0 17 17
0 17 17
0 17 17
0 18 18
0 17 17
0 17 17
0 16 16
0 16 16
0 17 17
0 16 16
0 17 17
0 18 18
0 18 18
0 18 18
0 17 17
0 16 16
0 13 13
0 12 12
0 10 10
0 11 11
0 11 11
0 11 11
0 10 10
0 10 10
0 10 10
0 10 10
0 10 10
0 11 11
0 11 11
0 10 10
0 11 11
0 11 10
0 12 11
0 12 11
0 13 12
1 13 12
0 14 13
0 14 13
0 14 13
0 13 12
1 15 14
1 17 16
0 17 16
0 17 16
0 18 17
1 18 17
0 19 18
0 19 18
0 19 18
0 18 17
0 18 17
0 18 17
0 17 16
0 18 17
0 16 15
0 16 15
0 16 15
0 15 14
0 15 14
0 15 14
0 16 15
0 15 14
0 15 14
0 15 14
0 14 14
0 15 14
0 16 15
0 15 14
0 15 14
1 14 13
0 14 13
0 14 13
0 14 13
0 14 13
0 14 13
0 13 12
0 12 11
0 13 12
0 14 13
0 14 13
0 14 13
0 14 13
0 15 14
0 14 13
0 15 14
0 15 14
0 14 14
0 14 14
0 15 14
0 12 11
0 14 13
0 15 14
0 15 14
0 15 14
0 16 15
0 16 15
0 15 14
0 14 13
0 13 12
0 14 13
0 14 13
0 13 12
0 16 15
0 16 15
0 17 16
0 16 15
0 16 15
0 17 16
0 17 16
0 17 16
0 17 16
0 12 11
0 13 12
0 14 13
0 13 12
0 12 12
0 13 13
0 13 13
0 13 13
0 13 13
0 15 15
0 15 15
0 14 14
1 14 14
0 14 14
0 11 11
0 9 9
0 9 9
0 9 9
0 10 10
0 10 10
0 10 10
0 11 11
0 12 12
0 12 12
0 11 11
0 10 10
0 10 10
1 9 9
0 9 9
0 10 9
0 10 10
0 11 10
0 11 10
0 10 9
0 11 10
0 11 10
0 11 10
0 12 11
0 11 10
0 11 10
0 12 11
0 12 11
0 13 12
0 13 12
0 13 12
0 13 12
0 12 11
0 10 9
0 11 10
0 12 11
0 12 11
0 12 11
0 13 12
0 13 12
0 13 12
0 13 12
0 14 13
0 14 13
0 14 13
0 14 13
0 14 13
0 13 12
0 14 13
0 13 12
0 12 11
0 12 11
0 12 11
0 12 11
0 12 11
0 12 11
0 12 11
0 11 10
0 11 10
0 11 10
0 9 8
1 7 6
0 7 6
0 8 7
0 8 7
0 8 7
0 8 7
0 8 7
0 8 7
0 8 7
0 8 7
0 9 8
0 8 7
0 8 6
0 9 7
0 10 8
0 11 9
0 11 9
0 12 10
0 12 10
0 12 10
0 12 10
0 12 10
0 12 10
0 11 9
0 12 10
0 10 9
0 10 9
0 11 10
0 11 10
0 11 10
0 11 10
0 11 10
0 11 10
0 11 10
0 11 10
0 12 11
0 11 10
0 11 10
0 10 9
0 10 9
0 13 12
0 12 11
0 12 11
0 12 11
0 11 10
0 11 10
0 11 10
0 10 9
1 11 10
0 12 11
0 13 12
0 14 13
0 15 14
0 16 15
0 16 15
0 16 15
0 15 14
0 16 15
0 14 13
0 11 10
0 10 9
0 11 10
0 11 10
0 11 10
0 11 10
0 11 10
0 12 11
0 13 12
0 12 11
1 11 10
0 13 12
0 12 11
0 13 12
0 13 12
0 14 13
0 14 13
0 14 13
0 14 13
0 14 13
0 16 15
0 15 14
0 14 13
0 13 12
0 14 13
0 10 9
0 11 10
0 11 10
1 13 12
0 14 13
0 15 14
1 17 15
1 16 14
1 15 13
0 15 13
0 16 14
1 15 13
0 15 13
0 15 13
0 14 12
0 14 12
0 14 12
0 14 12
0 13 11
0 13 11
0 14 12
0 14 12
0 16 14
0 15 13
0 17 15
0 18 16
0 17 15
0 17 15
0 17 15
0 17 15
0 17 15
0 18 16
0 18 16
0 18 16
0 18 17
0 18 17
0 20 19
0 20 19
0 17 16
1 17 16
0 19 18
0 19 18
0 19 18
0 19 18
0 19 18
0 18 17
0 20 19
0 18 17
0 17 16
0 18 17
0 19 18
0 19 18
0 19 18
0 19 18
0 19 18
0 20 19
0 19 18
0 19 18
0 19 18
0 19 18
0 18 17
0 18 17
0 17 16
0 18 17
0 17 16
0 17 16
0 17 16
0 19 18
0 18 17
0 19 18
0 18 17
0 17 16
0 18 17
0 18 17
0 18 17
0 19 18
0 20 19
0 20 19
0 19 18
0 20 19
0 20 19
0 17 17
0 16 16
0 16 16
0 16 16
0 16 16
0 15 15
0 17 17
0 18 18
0 18 18
0 18 18
0 19 19
0 20 20
0 20 20
0 18 18
0 18 18
0 16 16
1 15 15
0 14 14
0 14 14
0 14 14
0 15 15
0 15 15
0 15 15
0 15 15
0 15 15
0 14 14
0 12 12
0 9 9
0 6 6
0 7 7
0 7 7
0 7 7
0 7 7
0 7 7
0 7 7
0 7 7
0 8 8
0 8 8
0 7 7
0 8 8
0 8 8
0 8 8
0 8 8
1 8 8
0 9 9
0 9 9
0 9 9
0 9 9
0 8 8
0 8 8
0 8 8
0 10 10
0 9 9
0 9 9
0 9 9
0 10 10
0 10 10
0 10 10
0 9 9
0 10 10
0 10 10
0 10 10
0 9 9
0 9 9
0 8 8
0 9 9
0 9 9
0 9 9
0 10 10
0 10 10
0 9 9
0 10 10
0 11 11
1 10 10
0 13 13
0 13 13
0 13 13
0 13 13
0 13 13
0 13 13
0 13 13
0 13 13
0 13 13
0 13 13
0 12 12
0 13 13
0 10 10
1 11 11
0 11 11
0 11 11
0 11 11
0 11 11
0 11 11
0 11 11
0 11 11
0 11 11
0 11 11
0 10 10
0 10 10
0 9 9
0 9 9
0 9 9
0 9 9
0 9 9
0 9 9
0 9 9
0 9 9
0 9 9
1 9 9
0 9 9
0 9 9
0 11 11
0 11 11
0 11 11
0 12 12
0 13 13
0 13 13
0 14 14
0 14 14
0 15 15
0 16 16
0 14 14
0 12 12
0 13 13
0 13 13
0 13 13
0 13 13
0 13 13
0 12 12
0 13 13
0 13 13
0 14 14
0 14 14
0 13 13
0 15 15
0 15 15
0 15 15
0 15 15
0 15 15
0 15 15
0 16 16
0 16 16
0 16 16
0 17 17
0 16 16
0 16 16
0 14 14
0 15 15
0 15 15
0 15 15
0 16 16
0 15 15
0 15 15
0 15 15
0 15 15
0 14 14
0 14 14
0 13 13
0 15 15
0 14 14
0 15 15
0 13 13
0 15 15
0 16 16
0 16 16
0 17 17
0 16 16
0 16 16
0 15 15
0 15 15
0 15 15
0 16 16
0 17 17
0 19 19
0 19 19
0 19 19
0 19 19
0 20 20
0 21 21
0 19 19
1 20 20
0 20 20
0 18 18
0 18 18
0 19 19
0 20 20
0 19 19
0 20 20
0 20 20
0 20 20
0 20 20
0 19 19
0 20 20
0 19 19
0 19 19
0 18 18
0 19 19
0 18 18
0 18 18
0 19 19
0 19 19
0 19 19
0 18 18
0 19 19
0 20 20
0 20 20
0 19 19
0 19 19
0 19 19
1 19 19
0 19 19
0 19 19
0 19 19
0 19 19
0 19 19
0 20 20
0 18 18
0 18 18
0 17 17
0 18 18
0 20 20
1 20 20
0 20 20
0 20 20
0 20 20
0 20 20
0 20 20
0 19 19
0 18 18
0 19 19
0 18 18
0 17 17
0 18 18
0 18 18
0 17 17
0 18 18
0 18 18
0 18 18
0 18 18
0 19 19
0 18 18
0 15 15
0 17 17
0 18 18
0 18 18
0 18 18
0 20 20
0 19 19
0 20 20
0 20 20
0 20 20
0 19 19
0 20 20
0 19 19
0 19 19
0 18 18
0 18 18
0 18 18
0 18 18
0 18 18
0 18 18
0 19 19
0 19 19
0 19 19
0 20 20
0 18 18
0 18 18
0 18 18
0 19 18
0 21 20
0 18 18
0 19 19
0 20 20
0 20 20
0 20 20
0 19 19
0 19 19
0 19 19
1 17 17
0 16 16
1 16 16
0 16 16
1 16 16
0 17 17
0 16 16
0 16 16
0 17 17
0 17 17
0 17 17
0 15 15
0 13 13
0 12 12
0 13 13
0 13 13
0 14 14
0 14 14
0 14 14
0 14 14
0 13 13
0 12 12
0 12 12
0 14 14
0 14 14
1 14 14
0 16 16
0 15 15
0 16 16
0 16 16
0 16 16
0 16 16
0 16 16
0 15 15
0 11 11
0 11 11
0 11 11
0 10 10
0 11 11
0 11 11
0 12 12
0 13 13
1 13 13
0 14 14
0 14 14
0 14 14
0 14 14
0 12 12
0 13 13
0 13 13
0 13 13
0 16 16
0 16 16
0 16 16
0 16 16
0 16 16
0 15 15
0 15 15
0 15 15
0 14 14
0 16 16
0 17 17
1 18 18
0 19 19
0 17 17
0 17 17
0 17 17
0 17 17
0 18 18
0 17 17
0 15 15
0 16 16
0 16 16
0 17 17
0 19 19
0 19 19
0 20 20
0 20 20
0 19 19
0 20 20
0 20 20
0 19 19
1 20 20
1 17 17
0 19 19
0 17 17
0 18 18
0 18 18
0 18 18
0 18 18
0 19 19
0 19 19
0 19 19
0 19 19
0 18 18
0 17 17
0 18 18
0 18 18
0 19 19
0 19 19
0 19 19
0 19 19
0 19 19
0 20 20
0 18 18
0 19 19
0 17 17
0 17 17
0 17 17
0 17 17
1 17 17
0 18 18
0 18 18
1 19 19
1 19 19
0 19 19
0 19 19
0 20 20
0 16 16
0 16 16
0 14 14
0 14 14
0 12 12
0 12 12
0 12 12
0 12 12
0 12 12
0 12 12
0 12 12
0 10 10
0 9 9
0 6 6
0 6 6
1 6 6
0 7 7
0 7 7
0 7 7
0 7 7
0 7 7
0 7 7
0 7 7
0 7 7
0 8 8
0 6 6
1 8 8
0 7 7
0 9 9
0 9 9
0 9 9
0 9 9
0 9 9
0 9 9
0 10 10
0 11 11
0 10 10
0 11 11
0 11 11
0 10 10
0 10 10
0 10 10
0 10 10
0 10 10
0 10 10
0 11 11
0 11 11
0 11 11
0 10 10
0 8 8
0 7 7
0 7 7
0 8 8
0 8 8
0 9 9
0 9 9
0 9 9
0 9 9
0 10 10
0 9 9
0 9 9
0 9 9
0 9 9
1 7 7
0 7 7
1 7 7
0 8 8
0 8 8
0 8 8
0 9 9
0 9 9
1 9 9
0 10 10
0 9 9
0 9 9
0 8 8
1 8 8
0 8 8
0 9 9
0 9 9
0 10 10
0 10 10
0 10 10
0 9 9
0 8 8
0 10 10
0 10 10
0 11 11
0 11 11
0 12 12
0 12 12
0 13 13
0 13 13
0 12 12
0 12 12
0 12 12
0 11 11
0 13 13
0 12 12
0 13 13
0 12 12
0 13 13
0 13 13
0 13 13
0 14 14
0 14 14
0 15 15
0 16 16
0 16 16
0 16 16
0 15 15
0 16 16
0 17 17
0 16 16
0 15 15
0 15 15
0 15 15
0 15 15
0 15 15
0 15 15
0 14 14
0 14 14
0 13 13
0 12 12
0 12 12
0 12 12
0 12 12
0 13 12
0 13 12
0 13 12
0 14 13
0 16 15
0 16 15
0 15 14
0 15 14
0 16 15
0 16 15
0 16 15
0 16 15
0 16 15
0 16 15
0 16 15
0 16 15
0 16 15
0 16 15
0 14 13
0 15 14
0 14 14
0 13 13
0 13 13
0 12 12
0 12 12
0 13 13
0 15 15
0 15 15
0 14 14
0 14 14
0 13 13
1 13 13
0 13 13
0 14 13
0 14 13
0 15 13
0 15 13
0 15 13
0 15 13
0 15 13
0 14 12
0 16 14
0 13 11
0 14 12
0 15 13
0 15 13
0 15 13
0 15 13
0 15 13
0 15 13
0 15 13
0 17 15
0 16 15
0 16 15
0 16 15
0 15 14
0 14 13
0 15 15
0 15 15
0 15 15
0 15 15
0 15 15
0 15 15
0 15 15
0 14 14
0 13 13
0 13 13
0 12 12
0 12 12
0 10 10
0 12 11
0 12 11
0 12 11
0 12 11
0 14 12
0 16 14
0 16 14
1 17 15
1 15 13
0 15 13
0 14 13
0 15 14
0 15 14
0 15 14
0 16 15
0 16 15
0 16 15
0 15 14
0 14 13
0 15 12
0 15 12
0 16 13
0 14 12
0 13 11
0 13 11
0 13 11
0 13 11
0 13 11
0 13 11
0 14 12
0 14 12
0 13 12
1 12 11
0 12 12
0 13 13
0 14 14
0 14 14
0 14 14
0 14 14
0 14 14
0 14 14
0 14 14
0 15 15
0 14 14
0 16 15
0 13 12
0 17 16
0 17 16
0 18 16
0 19 17
0 19 17
0 19 17
0 19 17
0 19 17
0 17 15
0 17 15
0 17 15
0 18 16
0 19 17
0 19 17
0 19 17
0 20 18
0 19 17
0 19 17
0 20 17
0 21 17
0 19 16
0 18 15
0 18 15
0 18 15
0 17 13
1 17 13
0 18 15
0 18 15
0 20 17
0 19 17
0 19 17
0 20 17
0 18 15
0 17 14
0 16 14
0 17 14
0 15 13
0 15 13
0 15 13
0 17 14
0 16 13
0 16 13
0 16 13
0 16 13
0 16 13
0 16 13
0 17 13
0 18 14
0 18 14
0 17 13
0 17 12
0 17 12
0 17 12
0 17 12
0 17 12
0 17 12
0 17 12
0 18 13
0 17 13
0 16 11
0 13 9
0 15 10
0 15 10
0 15 10
0 15 10
0 15 10
0 15 10
0 16 11
0 16 11
0 16 11
1 16 11
0 14 10
0 14 11
0 14 11
0 14 11
0 14 11
0 14 11
0 14 11
0 14 11
0 14 11
1 13 10
1 13 11
0 11 9
0 11 9
0 12 10
0 12 10
0 11 9
0 11 9
0 12 10
0 12 10
0 12 10
0 11 10
0 11 10
0 11 10
0 11 10
0 11 11
0 10 10
0 11 11
0 11 11
0 11 11
0 11 11
0 11 11
0 11 11
0 11 11
0 11 11
0 10 10
0 10 10
0 10 8
0 11 9
0 13 11
0 14 12
0 14 12
0 14 12
0 15 13
0 15 13
0 15 13
0 15 13
1 15 13
0 15 14
0 15 14
0 15 14
0 15 14
0 15 14
0 15 14
0 15 14
0 16 15
0 16 15
0 16 15
0 14 13
0 14 13
0 14 14
0 12 12
0 13 13
0 16 16
0 16 16
0 16 16
0 17 17
0 18 18
0 18 18
0 18 18
0 17 17
0 17 17
0 17 17
0 15 15
0 14 14
0 13 13
0 14 14
0 14 14
1 14 14
0 14 14
0 14 14
0 13 13
0 14 14
0 15 15
0 15 15
0 14 14
0 14 14
0 14 14
0 15 15
0 16 15
0 15 14
0 15 14
0 15 14
0 15 14
0 15 14
0 14 13
0 14 13
0 15 14
0 15 14
0 15 14
0 16 15
0 16 15
0 16 15
0 16 15
0 16 15
0 16 15
0 16 15
0 17 16
0 17 16
0 18 17
0 17 16
0 16 14
0 17 15
0 18 16
0 18 16
0 18 16
0 19 17
0 19 17
0 19 17
0 17 15
0 15 14
0 13 12
0 14 12
1 14 12
0 14 12
0 13 10
0 13 10
0 14 10
0 13 10
0 13 10
0 12 9
0 12 9
0 12 9
0 13 10
0 15 11
0 15 11
0 15 11
0 14 10
0 14 10
0 14 10
0 15 11
0 15 11
0 15 12
0 15 12
0 15 12
0 14 11
0 12 9
0 11 8
0 10 7
0 11 8
0 12 9
0 12 9
0 12 9
0 12 9
0 11 8
0 12 10
0 11 9
0 11 9
0 11 9
0 10 8
0 10 8
0 10 8
0 12 10
0 12 10
0 12 10
0 12 10
0 12 10
0 11 9
0 12 10
0 12 10
0 12 10
0 11 9
0 11 9
0 11 9
0 10 8
0 10 8
0 10 8
0 10 8
0 10 8
0 11 9
0 11 10
0 10 10
0 10 10
0 11 11
0 12 12
0 12 11
0 12 11
0 12 11
0 12 11
0 12 11
0 12 11
0 11 10
1 9 8
0 11 10
0 10 9
0 10 9
0 10 9
0 11 10
0 12 11
0 13 12
0 13 12
0 13 12
0 13 12
0 13 12
0 13 11
0 13 11
0 12 11
0 11 10
0 11 10
0 11 10
1 11 10
0 12 11
0 12 11
0 12 11
0 12 11
0 11 10
0 12 10
0 12 11
0 11 10
0 11 10
0 12 11
0 12 11
0 13 12
0 13 12
0 13 12
0 13 12
1 13 12
0 15 14
0 14 13
0 13 12
0 12 11
0 13 12
0 14 12
0 14 12
1 13 11
0 14 12
0 15 13
0 15 13
0 13 11
0 13 11
0 11 9
0 10 9
0 11 10
0 11 10
0 11 10
0 11 10
0 12 11
0 12 11
0 13 12
0 13 12
0 13 12
0 13 12
0 13 12
0 12 11
0 11 11
0 10 10
0 9 9
0 10 9
0 11 10
0 11 10
0 11 10
0 13 11
0 13 11
1 10 9
0 11 9
0 11 9
0 13 11
0 14 12
0 15 13
0 15 13
0 15 13
0 16 14
0 16 14
0 16 14
0 16 14
0 15 14
0 13 13
0 14 14
0 14 14
0 16 16
0 15 15
0 14 14
0 14 14
0 14 14
0 14 14
0 13 13
0 13 13
0 14 13
0 13 12
0 12 12
0 12 12
1 14 14
0 14 14
0 14 14
0 14 14
0 15 14
0 15 14
0 15 14
0 15 14
0 14 13
0 15 14
0 14 12
0 13 11
0 12 10
0 13 10
0 13 10
0 13 10
0 15 12
0 16 13
0 16 13
0 15 12
0 16 12
0 17 13
0 18 14
0 17 13
0 16 12
0 15 11
0 16 12
0 16 12
0 16 12
0 16 12
0 15 11
0 15 11
1 15 11
0 15 12
0 16 13
0 15 13
0 15 13
0 13 11
0 13 11
0 13 11
0 13 11
0 14 12
0 14 12
0 14 12
0 14 12
0 14 12
0 14 12
0 14 12
0 13 11
1 14 12
0 15 13
0 15 13
0 16 14
0 16 14
0 17 15
0 16 14
0 17 15
0 17 15
0 17 15
0 16 15
0 16 15
0 16 15
1 15 14
0 16 15
0 16 15
0 16 15
0 16 15
0 15 14
0 16 14
0 14 12
0 14 11
0 14 11
0 14 11
0 13 10
0 14 11
0 14 11
0 14 11
0 15 12
0 15 12
0 15 12
0 15 12
0 14 11
0 13 10
0 13 10
0 13 10
0 15 11
0 15 11
0 15 11
0 15 11
0 15 11
0 15 11
0 15 11
0 14 10
0 14 10
0 13 10
0 13 10
0 11 8
0 11 8
0 11 9
0 12 9
0 12 9
0 12 9
0 11 8
0 12 8
0 11 7
0 11 7
0 9 5
0 10 6
0 10 6
0 10 6
1 10 6
0 10 6
0 10 6
0 10 6
0 10 6
0 10 6
0 10 6
0 8 5
0 8 6
0 8 6
1 8 6
0 8 6
0 10 8
0 10 8
0 11 9
0 12 10
0 13 11
0 13 11
0 12 10
0 13 11
0 13 11
0 13 11
0 11 9
0 13 11
0 14 12
0 14 12
0 14 12
0 14 12
0 15 13
0 15 13
1 15 13
1 16 14
0 16 14
0 16 14
0 16 14
0 17 15
0 16 14
0 16 14
0 16 14
0 17 15
0 17 15
0 17 15
0 17 15
0 16 14
0 16 14
0 15 13
0 16 14
0 14 12
1 14 12
0 14 12
0 15 13
0 16 14
0 15 13
0 14 12
0 14 12
0 13 11
0 13 11
0 14 12
0 15 13
0 15 12
0 15 12
0 15 12
0 15 12
0 15 12
0 16 13
0 16 13
0 15 13
0 15 13
0 13 11
0 15 13
0 16 13
0 16 13
0 14 12
0 16 12
0 15 11
0 16 11
0 16 11
0 16 11
0 15 10
0 16 11
0 16 11
0 16 11
0 16 11
0 16 11
0 16 11
1 17 12
0 18 13
0 17 12
0 17 12
0 17 12
0 16 12
0 15 11
1 15 11
0 15 11
0 16 12
0 17 13
0 16 12
0 16 12
0 17 13
0 17 13
0 17 13
0 17 13
0 18 14
0 20 15
0 19 15
0 18 14
0 18 14
0 18 14
1 19 15
0 19 15
0 18 14
0 19 15
0 19 15
0 17 13
0 18 14
0 18 14
0 18 14
0 17 13
0 18 14
1 18 14
0 17 13
0 17 14
0 17 14
0 16 13
0 16 13
0 15 12
0 14 11
0 14 11
0 16 12
0 16 12
0 16 12
0 17 13
0 15 11
0 13 9
0 13 9
0 12 8
0 12 8
0 12 8
0 13 9
0 11 7
0 12 8
0 10 7
0 12 9
0 14 11
0 14 11
0 14 11
0 14 11
0 14 11
0 14 12
0 14 12
0 14 12
0 13 11
1 15 13
1 14 12
0 16 14
0 17 15
0 17 15
0 17 15
0 17 15
0 17 15
0 16 14
0 17 15
0 15 13
0 14 12
0 12 10
0 11 10
0 11 10
0 11 10
0 12 11
0 13 12
0 13 12
0 15 14
0 15 14
0 15 14
0 15 14
0 17 16
0 16 15
0 17 16
0 17 16
1 16 15
0 17 16
0 17 16
0 16 15
0 16 15
0 17 16
0 16 16
0 16 16
0 15 15
0 15 15
0 15 14
0 15 14
0 13 12
0 11 10
0 13 12
0 14 13
0 14 13
0 14 13
0 14 13
0 13 12
0 14 13
0 14 13
0 14 13
0 13 12
0 13 12
0 14 13
0 14 13
0 14 13
0 16 15
0 16 15
0 15 14
0 16 15
0 16 15
0 16 15
0 15 14
0 16 15
0 16 15
0 17 16
0 17 16
0 16 15
0 16 15
0 16 15
0 16 15
0 16 15
1 14 13
0 15 14
0 14 13
0 15 14
0 15 14
0 15 14
0 15 14
0 15 14
0 15 14
0 16 15
0 15 14
0 14 13
0 13 12
0 13 12
0 12 11
0 12 11
0 12 11
0 12 11
0 13 11
0 13 11
1 12 10
0 13 11
0 13 11
0 12 10
0 12 10
0 14 12
0 16 13
0 16 13
0 14 12
0 15 13
0 15 13
0 16 14
0 16 14
0 16 14
0 16 14
0 16 13
0 16 13
0 17 13
0 17 13
0 17 13
0 17 13
0 17 13
0 17 13
0 17 13
0 18 14
0 18 14
0 19 14
0 18 13
1 15 11
1 15 11
0 14 10
0 13 9
0 13 9
1 13 9
0 15 11
0 15 11
0 15 11
0 15 11
0 15 11
0 14 10
0 13 9
0 16 12
0 15 11
0 13 10
0 12 9
0 12 9
1 12 9
0 13 10
0 12 9
0 12 9
0 12 9
0 13 9
0 13 9
0 15 11
0 14 10
0 16 12
0 16 12
0 16 12
0 16 12
0 16 12
0 16 12
1 17 13
1 18 14
0 16 12
0 15 11
0 15 11
0 14 10
0 15 11
0 15 11
0 14 10
0 14 10
0 16 12
0 16 12
0 16 12
0 16 12
0 16 12
0 14 11
0 12 9
0 13 10
0 12 9
0 12 9
0 14 10
0 14 10
0 14 10
0 14 10
0 14 10
0 15 11
1 16 11
0 16 11
0 15 10
0 18 13
0 18 13
0 17 13
0 17 12
0 18 13
0 18 13
0 19 14
0 19 14
0 18 13
0 17 12
0 17 12
1 18 13
0 15 10
0 16 11
0 16 11
0 15 10
0 15 10
0 15 10
0 15 10
0 15 10
0 15 10
0 14 9
0 13 9
1 12 8
1 12 8
0 12 8
0 12 8
0 13 9
0 13 9
0 13 9
0 15 11
0 15 11
0 15 11
1 14 10
0 14 9
0 12 8
1 14 9
0 15 9
0 15 9
0 15 10
1 16 11
0 18 13
0 18 13
0 18 13
0 18 13
0 17 12
0 18 13
0 17 13
0 17 13
0 18 14
0 18 14
0 19 15
0 19 15
0 18 14
0 19 15
0 19 15
1 17 13
1 16 12
0 16 11
0 17 12
0 17 12
0 18 13
0 17 12
0 17 12
0 17 12
0 17 12
0 17 12
0 17 12
0 18 13
0 17 12
1 17 12
0 17 12
0 18 12
0 19 13
0 19 13
0 18 12
0 18 12
0 19 13
0 19 13
0 19 13
0 18 12
0 18 12
0 16 10
0 16 9
0 18 11
0 19 12
0 19 12
0 19 12
0 18 11
0 19 11
0 19 11
0 19 11
0 19 11
0 19 11
0 19 11
0 19 11
0 19 11
0 17 9
0 18 10
0 18 10
0 18 10
0 18 10
0 18 10
0 18 10
0 18 10
0 18 10
0 18 10
0 18 10
1 17 9
0 18 11
0 18 10
0 18 11
0 18 11
0 18 11
0 19 11
0 19 11
0 18 11
0 18 11
0 18 11
0 15 11
1 15 11
0 14 10
0 14 10
0 15 11
0 16 12
2 18 14
2 18 14
1 19 15
1 19 15
1 19 15
0 18 14
0 19 15
0 18 14
0 17 13
0 18 14
0 18 14
0 18 14
0 18 14
0 19 15
0 19 15
0 18 14
0 18 13
0 16 11
0 14 10
0 15 11
0 15 10
0 15 10
0 15 10
0 16 11
0 16 11
0 16 11
0 15 10
0 15 10
0 16 11
0 16 11
0 15 11
1 13 9
0 12 8
0 13 9
0 13 9
0 13 9
0 13 9
0 15 10
0 15 10
0 15 10
0 14 9
0 14 9
0 15 10
0 16 11
0 16 11
0 16 11
0 17 12
0 17 12
0 18 13
0 18 13
0 18 13
0 17 12
0 17 12
0 17 12
0 17 12
0 16 11
0 16 11
0 16 11
0 17 12
0 17 12
0 17 12
0 17 12
0 16 12
0 15 11
0 14 10
0 14 10
0 14 9
0 14 9
1 15 10
0 15 10
0 15 10
0 15 10
0 15 10
0 15 10
0 15 10
0 15 10
0 14 9
0 12 8
0 13 9
0 14 9
0 15 9
0 15 9
0 14 8
0 14 8
0 14 8
0 14 8
0 14 8
0 14 8
0 13 6
0 14 7
0 14 7
0 15 8
0 14 7
0 16 9
0 16 9
0 16 9
0 16 9
0 17 10
0 18 11
0 18 11
0 16 10
0 17 11
0 16 10
0 17 10
0 16 9
0 15 8
0 15 9
0 15 9
1 15 9
0 17 11
0 18 12
0 18 12
0 16 10
0 16 10
0 15 9
0 14 8
0 14 8
0 14 7
0 15 8
0 15 8
0 16 9
0 17 10
0 17 10
0 16 9
0 16 9
0 16 9
0 16 10
0 16 10
0 16 10
0 15 10
0 15 10
0 15 10
0 15 10
0 16 11
0 16 11
0 16 11
0 16 11
0 17 12
1 17 12
0 18 13
0 18 13
0 17 12
0 18 13
0 17 12
0 17 12
0 16 11
0 17 12
0 16 11
0 16 11
0 16 11
0 15 10
0 15 10
0 15 10
0 16 10
0 16 10
0 16 10
0 16 10
0 17 11
0 18 12
0 18 12
0 18 12
0 17 11
0 16 11
0 15 10
0 15 10
0 17 12
0 17 12
0 17 12
0 18 13
0 18 13
0 18 13
0 18 13
0 18 13
0 17 12
0 17 12
0 16 11
0 16 11
0 17 13
0 19 15
0 19 15
0 19 15
0 19 15
0 19 15
0 19 15
0 18 14
0 17 13
0 15 11
0 15 11
0 14 10
0 15 11
0 14 10
0 15 11
0 16 12
0 16 12
0 17 13
0 15 11
0 16 12
0 16 12
0 16 12
0 16 11
0 17 13
0 18 13
0 18 13
0 19 14
0 19 14
0 19 14
0 20 15
0 20 15
0 20 15
0 18 13
1 15 11
0 15 11
0 15 11
1 15 11
0 15 11
0 15 11
0 15 11
0 15 11
0 15 11
0 15 11
0 14 10
0 14 10
0 13 9
0 12 8
0 11 7
0 11 7
0 12 8
0 12 8
0 12 8
0 13 9
0 13 9
0 13 9
0 13 9
0 13 9
0 13 9
1 13 9
0 12 8
0 12 8
0 12 8
0 12 8
0 12 8
0 12 8
0 12 8
0 12 8
0 13 9
0 14 10
0 13 9
0 11 7
0 14 10
0 13 9
0 13 9
1 13 9
0 14 10
0 16 12
0 16 12
0 16 12
0 14 10
0 14 10
0 14 10
0 15 11
0 14 10
0 13 9
1 14 10
0 14 10
0 14 10
0 14 10
0 14 10
0 14 10
0 14 10
0 12 8
0 12 8
0 12 8
0 12 8
0 12 8
0 12 8
0 14 10
0 14 10
0 15 12
0 16 13
0 16 13
0 15 12
0 13 9
0 15 10
0 15 10
0 15 10
1 17 11
1 17 11
0 18 12
0 19 13
0 20 14
0 20 14
0 19 13
0 17 11
0 19 13
0 19 13
0 19 13
1 17 12
0 17 12
0 19 14
0 19 14
0 19 14
0 19 14
0 19 14
0 19 14
0 20 15
0 20 15
0 20 15
0 20 15
0 19 14
0 17 13
0 17 13
0 17 13
0 17 13
0 17 13
0 17 13
0 18 14
0 18 14
0 17 12
0 17 12
0 18 13
0 17 12
0 18 12
0 18 12
0 17 11
0 18 12
0 18 12
0 19 13
0 19 13
0 19 13
0 18 12
1 16 10
0 14 8
1 14 8
0 14 8
0 14 7
0 15 8
0 15 8
0 14 7
0 14 7
0 14 7
0 14 7
0 15 8
0 15 9
0 14 9
0 15 10
0 16 11
0 15 10
0 15 10
0 15 10
0 16 10
0 17 11
0 17 11
0 16 11
0 17 12
0 15 11
0 15 11
0 14 10
0 13 10
0 13 10
0 13 10
0 14 11
0 14 11
0 14 11
0 13 10
0 12 9
0 12 9
0 11 9
0 12 9
0 11 8
0 12 9
0 12 9
0 13 10
0 14 11
0 15 12
0 15 12
0 15 12
0 15 12
1 15 12
0 14 11
0 15 12
0 13 10
0 13 10
0 13 10
0 13 10
0 13 10
0 13 10
0 13 10
0 13 10
0 13 10
0 12 9
0 11 8
1 11 8
0 11 8
0 11 7
0 13 9
0 11 7
0 10 7
0 11 7
0 12 8
0 12 8
0 10 6
0 10 6
1 10 6
0 11 7
0 11 7
0 12 8
0 12 8
0 12 8
0 12 8
0 12 8
0 12 8
0 11 7
0 11 7
0 10 6
0 12 7
0 14 8
0 14 8
0 13 7
0 13 7
0 13 7
0 13 7
0 14 8
0 15 9
0 14 9
1 15 9
0 16 10
0 15 8
0 15 8
0 16 9
0 15 8
1 15 8
0 16 9
0 15 8
1 15 8
0 16 9
0 16 9
0 15 8
0 15 8
0 17 10
1 17 9
0 17 10
0 17 11
0 16 10
0 15 9
0 15 9
0 16 10
0 16 10
0 15 9
0 15 9
1 13 8
1 13 9
0 13 8
0 14 9
0 14 9
0 14 9
0 14 9
0 14 9
0 14 9
0 14 10
0 15 10
0 14 9
0 10 7
0 10 7
0 9 6
0 8 5
0 8 5
0 8 5
0 8 5
1 10 7
0 10 7
0 12 9
0 12 9
1 11 8
0 12 9
1 10 7
0 10 7
0 10 7
0 10 7
0 10 7
0 10 7
0 11 8
0 12 9
0 12 8
0 13 9
0 14 10
0 12 7
0 12 7
0 12 7
0 12 7
0 11 6
0 11 6
0 12 7
0 12 7
0 13 8
0 13 8
0 13 8
0 12 7
0 15 10
0 16 11
0 16 11
0 17 12
0 17 12
0 18 13
0 16 11
0 17 12
1 18 13
0 19 14
0 17 12
0 15 10
0 15 11
0 16 11
0 16 11
0 17 12
0 16 11
0 15 10
0 14 9
0 15 9
1 15 9
0 16 10
0 15 9
0 15 9
0 15 9
0 15 9
0 14 8
0 14 8
0 14 9
0 13 8
0 13 8
0 14 9
0 14 9
0 15 10
0 15 10
0 14 9
0 14 9
0 15 9
0 16 10
0 16 10
0 15 9
0 15 9
0 15 9
0 16 10
0 14 8
0 14 8
0 14 8
0 14 8
0 14 8
0 14 8
0 13 7
0 13 7
0 13 7
0 13 7
0 13 7
0 14 7
0 14 7
0 14 7
0 14 7
0 13 6
0 12 5
0 11 4
0 12 4
0 12 4
0 13 5
0 14 6
0 14 7
0 14 7
0 14 7
0 13 6
0 13 6
1 13 6
0 14 8
0 14 8
0 13 8
0 14 9
0 14 9
0 15 9
0 16 10
0 16 10
0 16 10
0 16 10
0 15 9
0 15 9
0 13 7
1 13 7
0 11 6
0 12 7
0 12 7
0 12 7
0 12 7
0 13 8
0 14 9
0 13 9
0 13 9
0 13 9
0 14 10
0 14 10
0 15 11
0 15 11
0 14 10
1 14 10
0 14 10
0 14 10
0 14 10
0 14 10
0 14 10
1 12 9
0 10 8
0 11 8
0 12 9
0 12 9
0 14 10
0 12 8
0 12 8
0 13 9
0 13 9
0 13 9
0 13 9
1 12 8
0 14 10
0 14 10
0 14 10
0 14 10
0 15 10
0 16 11
0 18 13
0 18 13
0 18 13
0 17 13
0 17 12
0 18 13
0 18 13
0 17 12
0 14 10
0 13 9
0 15 10
0 15 9
0 15 9
0 15 9
0 15 9
0 15 9
0 15 9
0 14 8
0 14 7
0 14 7
0 15 8
0 15 8
0 15 8
0 16 9
0 16 9
0 16 9
0 17 10
0 18 11
0 19 12
0 18 11
0 15 9
0 16 11
0 16 11
0 15 10
0 16 11
0 16 11
0 16 11
0 16 11
1 17 12
0 19 13
0 19 13
0 18 12
0 16 11
0 16 10
0 17 11
0 18 12
0 19 13
0 19 13
0 18 12
0 20 14
0 20 14
0 19 14
0 19 14
0 19 14
0 19 13
0 19 13
0 17 11
0 17 12
0 16 12
0 16 12
0 17 13
0 16 12
0 16 12
0 17 13
0 16 12
0 15 12
0 17 14
0 16 13
0 16 13
0 17 14
0 18 15
0 18 15
0 18 15
0 19 16
0 18 15
0 18 15
0 17 14
0 18 15
0 17 14
0 18 15
0 14 11
0 15 12
0 15 12
0 15 13
0 16 14
0 16 14
0 16 13
0 16 13
0 16 13
0 15 12
0 15 12
0 15 12
0 12 10
0 12 10
0 13 11
0 13 11
0 13 11
0 14 12
0 14 12
0 14 12
0 14 12
1 14 12
0 12 10
0 11 9
0 10 8
0 11 9
0 11 9
0 12 10
0 13 11
0 13 11
0 15 13
0 15 13
0 15 13
0 14 12
0 13 11
0 11 10
0 9 8
1 10 9
0 10 9
0 11 9
0 11 9
0 12 10
0 12 10
0 12 10
0 12 10
0 12 10
0 10 8
0 8 6
0 8 6
0 8 6
0 7 6
0 7 6
0 8 6
0 8 6
0 8 6
0 8 6
0 8 6
0 8 6
0 7 5
1 7 6
0 8 7
0 8 7
0 9 8
0 9 8
0 9 8
0 9 8
0 9 8
0 9 8
0 7 7
1 7 7
0 7 7
0 7 7
0 7 7
0 9 9
0 10 10
0 10 10
0 10 10
0 10 10
0 9 9
1 10 10
0 10 10
0 10 10
0 10 10
0 9 9
0 9 9
0 8 8
0 8 8
0 8 8
0 8 8
0 8 8
0 9 8
0 9 8
0 10 9
0 9 8
0 6 5
0 6 5
0 6 5
0 6 5
0 6 5
0 6 5
0 6 5
0 6 5
0 7 6
0 7 6
0 7 6
0 7 6
0 8 7
0 8 7
0 10 9
0 10 9
0 11 10
0 11 10
0 11 10
0 11 10
0 11 10
0 11 10
0 11 10
0 11 10
0 10 9
0 9 8
0 9 8
0 9 8
0 9 8
0 9 8
0 9 8
0 9 8
0 10 9
0 11 10
0 11 10
0 10 9
0 11 10
0 10 9
0 10 9
0 9 8
0 10 9
1 10 9
0 11 10
0 11 10
0 11 10
1 11 10
0 11 10
0 11 10
1 11 10
0 13 12
0 12 11
0 12 11
0 13 12
0 13 12
0 13 12
0 13 12
0 13 12
0 13 12
0 13 12
0 12 11
0 12 11
0 12 11
0 11 10
0 11 10
0 12 11
0 12 11
0 12 11
0 13 11
0 13 11
0 13 11
0 13 11
0 10 8
0 9 7
0 9 7
0 10 8
0 11 9
0 11 9
0 11 9
0 11 9
0 11 9
0 11 9
0 11 9
0 11 9
0 10 8
0 11 9
0 12 10
0 12 10
0 12 10
0 12 10
0 12 10
0 13 11
0 13 11
0 13 11
0 13 11
0 13 11
0 10 8
0 8 7
0 8 7
0 8 7
0 8 7
0 8 7
0 8 7
0 10 8
0 10 8
0 10 8
0 10 8
0 10 8
0 12 10
0 11 10
0 11 10
0 10 9
0 11 10
0 13 11
0 13 11
0 13 11
0 13 11
0 13 11
0 13 11
0 14 12
0 12 10
1 12 10
0 12 10
0 14 12
0 14 12
0 14 12
0 16 14
0 16 14
1 18 15
0 19 16
0 19 16
0 17 15
0 14 12
0 15 11
0 16 12
0 15 11
0 15 11
0 15 11
0 14 10
0 14 10
0 14 10
0 14 10
0 14 10
0 14 10
0 14 10
0 13 10
0 13 10
0 11 8
0 11 8
0 11 8
0 11 8
0 12 9
0 12 9
0 12 9
0 12 9
0 11 9
0 11 9
0 9 7
0 8 6
0 8 6
0 8 6
0 8 6
0 10 7
0 10 7
0 10 7
0 10 7
0 10 7
0 10 7
0 9 6
0 9 6
0 8 6
0 8 6
0 9 7
0 10 8
0 9 8
0 9 8
0 9 8
0 10 9
0 10 9
0 11 10
0 10 9
0 9 8
0 10 9
0 10 9
0 11 10
1 11 10
0 11 10
0 10 9
0 11 10
1 10 9
0 11 10
0 13 12
0 14 13
0 14 13
0 14 13
1 14 13
0 14 13
0 15 14
0 14 13
0 14 13
0 14 13
0 14 13
0 15 14
0 15 14
0 14 13
1 13 12
0 16 15
1 15 14
0 16 15
0 16 14
0 18 16
0 18 16
0 18 15
0 18 15
0 18 15
0 16 13
0 16 13
0 16 13
0 13 10
1 11 8
0 11 8
1 9 6
0 12 9
0 12 9
0 12 9
0 13 10
0 13 10
0 13 10
0 13 10
0 11 9
0 12 10
1 13 11
0 14 12
0 13 11
0 14 12
0 14 12
0 13 11
0 13 11
0 13 11
0 12 10
0 12 10
0 11 9
0 10 9
0 11 10
0 12 10
0 13 11
0 12 10
0 12 10
0 12 10
0 12 10
0 12 10
0 11 9
0 11 9
0 10 8
0 10 8
0 11 9
0 11 9
0 12 9
0 12 9
0 12 9
0 13 11
0 13 11
0 12 10
0 13 11
0 11 9
0 13 11
0 12 10
0 10 8
0 11 9
0 12 10
0 12 10
0 12 10
0 12 10
0 13 11
0 13 11
0 12 10
1 11 9
0 12 10
0 11 9
0 11 9
0 10 8
1 10 8
1 11 9
0 13 10
0 13 10
0 13 10
0 13 10
0 13 10
0 12 10
0 12 10
0 12 10
0 11 8
0 12 9
0 12 9
0 11 8
0 11 8
0 10 7
0 10 7
0 10 7
0 10 7
0 9 7
0 9 7
0 9 7
0 9 7
0 8 6
0 9 7
0 9 7
0 9 7
0 9 7
0 9 7
0 9 7
0 8 6
0 7 5
0 8 7
0 9 8
0 11 10
0 13 11
0 12 10
0 12 10
0 12 10
0 12 10
0 12 10
0 13 11
0 13 11
0 10 8
0 10 7
0 8 5
0 9 5
1 8 4
0 8 4
0 8 4
0 8 4
0 8 4
0 8 4
0 8 4
0 8 4
0 7 4
0 6 4
0 5 4
0 5 4
0 6 5
0 5 4
0 5 4
0 5 4
0 5 4
0 5 4
0 5 4
0 5 4
0 4 3
0 3 2
0 4 3
0 5 4
0 3 2
0 3 2
0 3 2
0 3 2
0 3 2
0 3 2
0 3 2
0 3 2
0 4 3
0 4 3
0 4 3
0 4 3
0 4 3
0 4 3
0 5 3
0 6 3
0 6 3
0 6 3
0 6 3
0 7 4
0 6 4
0 7 4
0 8 4
0 6 3
0 7 4
0 8 5
0 8 5
0 8 5
0 8 5
1 8 5
0 9 6
0 7 5
0 7 5
0 9 7
0 10 8
0 11 9
0 12 10
0 12 10
0 12 10
0 12 10
0 12 10
0 12 10
0 12 10
0 11 9
0 11 9
0 10 8
0 9 7
0 9 7
0 8 6
0 9 7
0 9 7
0 9 7
0 9 7
0 10 8
0 10 8
0 9 7
0 9 7
0 9 7
0 10 8
0 9 7
0 9 7
1 9 7
0 9 7
0 10 7
0 10 7
0 10 7
0 11 8
0 10 7
0 11 8
0 10 7
0 9 6
0 8 5
0 7 5
0 7 5
0 8 6
0 8 6
0 8 6
0 8 6
1 8 6
0 8 6
0 7 5
0 7 5
0 6 4
0 5 3
0 5 3
0 5 3
1 5 3
0 6 4
0 6 4
0 5 3
0 5 3
0 5 3
0 6 3
0 5 2
0 6 3
0 6 3
0 6 3
0 7 4
0 7 4
0 8 5
0 8 5
0 8 5
0 8 5
0 8 5
0 8 5
0 8 6
0 7 5
0 8 6
0 8 6
0 8 6
0 7 5
0 8 6
0 8 6
0 9 7
0 9 7
0 9 7
0 8 6
0 8 6
0 8 7
0 8 7
0 9 7
0 9 7
0 9 7
1 11 9
0 12 10
0 12 10
0 12 10
0 11 9
0 12 10
0 10 8
0 11 9
0 11 9
0 11 9
0 11 9
0 11 9
0 11 9
0 11 9
0 10 9
0 10 9
0 9 8
0 8 7
0 8 7
0 8 7
0 8 7
0 9 7
0 9 7
0 10 8
0 10 8
0 10 8
0 10 8
0 10 8
0 9 7
1 8 6
0 9 7
0 9 7
0 11 9
0 12 9
0 11 8
0 11 8
0 11 8
0 12 9
0 12 9
0 12 9
0 13 9
0 12 8
0 10 6
0 9 5
0 8 4
0 8 4
0 7 4
0 7 4
1 8 5
0 8 5
0 8 5
0 8 5
0 9 6
0 8 5
0 7 4
0 9 6
0 9 6
0 9 6
0 9 6
0 9 6
0 9 6
0 9 6
0 9 6
0 9 6
0 8 5
0 7 5
0 7 5
0 9 7
0 8 6
0 8 6
0 8 7
0 9 8
0 9 8
0 9 8
0 8 7
0 7 6
0 7 6
0 7 5
0 6 4
0 6 4
0 6 4
0 7 5
0 7 5
0 7 5
0 7 5
0 6 4
0 6 4
0 6 4
0 6 4
0 7 5
0 8 6
0 9 7
0 8 6
0 8 6
0 7 6
0 7 6
0 7 6
0 7 6
0 8 7
0 8 7
0 6 5
0 6 5
0 6 5
0 6 5
0 5 4
0 6 5
0 7 6
0 7 6
0 7 6
0 8 7
0 8 7
0 8 7
0 8 7
0 8 7
0 7 6
0 6 5
0 6 5
0 7 5
0 7 5
0 7 5
0 6 4
0 6 4
1 6 4
0 7 4
0 9 6
0 9 6
0 8 5
0 8 5
0 7 4
0 7 4
0 6 4
0 6 4
1 6 4
0 7 5
0 7 5
0 7 5
0 7 5
0 6 5
0 7 6
0 7 6
0 7 6
0 7 6
0 7 6
0 7 6
0 7 6
0 7 6
0 7 6
0 9 7
0 8 6
0 8 6
0 8 6
0 8 6
0 9 7
0 10 8
0 11 9
0 13 11
0 13 11
0 13 11
0 13 11
0 13 11
0 13 11
0 11 9
0 9 7
0 10 9
0 10 9
0 10 9
0 10 9
0 10 9
0 10 9
0 10 9
0 10 9
0 10 9
0 9 8
0 10 9
0 10 9
1 10 9
0 11 10
0 11 10
0 11 10
0 11 9
0 11 9
0 11 9
0 11 9
0 10 8
0 10 8
0 10 8
1 9 7
0 9 7
1 8 6
0 10 7
1 10 7
0 10 7
0 10 7
0 11 8
0 11 8
0 11 8
0 10 7
0 9 6
0 7 4
0 8 4
0 8 4
0 10 4
0 10 4
0 10 4
0 10 4
0 10 4
0 10 4
0 10 4
0 9 3
0 9 3
0 9 3
0 9 3
0 9 3
0 10 4
0 11 4
0 11 4
0 11 4
0 11 4
0 11 4
0 12 5
0 10 4
0 8 2
0 8 2
0 8 2
0 9 2
0 9 2
0 9 2
0 9 2
0 9 2
0 9 2
0 9 2
0 9 2
0 9 2
0 9 3
0 6 2
0 5 2
0 5 2
0 5 2
0 5 2
0 5 2
0 5 2
0 5 2
0 5 2
0 5 2
0 5 2
0 5 2
0 4 1
0 3 1
0 5 3
0 5 3
0 6 4
0 6 4
0 7 5
0 7 5
0 7 5
0 7 5
0 7 5
1 7 5
0 6 5
0 7 6
0 7 6
0 7 6
0 7 6
0 7 6
0 8 7
0 8 7
0 8 7
0 8 7
0 8 6
0 8 6
0 8 7
0 9 6
0 8 5
0 8 5
1 8 5
0 7 4
0 7 4
0 7 4
0 7 4
0 7 4
0 8 5
1 9 6
0 9 6
0 7 6
0 7 6
0 6 6
0 6 6
0 6 6
0 6 6
0 6 6
0 6 6
0 6 6
0 5 5
0 4 4
0 5 4
0 3 2
0 2 1
0 2 1
0 2 1
0 2 1
0 2 1
0 2 1
0 3 2
0 3 2
0 3 2
0 3 2
0 4 3
0 2 2
0 3 3
0 3 3
0 3 3
0 3 3
0 3 3
0 3 3
0 3 3
0 3 3
0 3 3
0 3 3
0 4 4
0 4 4
0 5 5
0 5 5
0 5 5
0 5 5
0 5 5
0 5 5
0 5 5
0 5 5
0 5 5
0 3 3
0 3 3
1 3 3
0 4 4
0 4 4
0 4 4
0 5 5
0 5 5
0 6 5
0 6 5
0 5 5
0 5 5
0 5 5
0 6 6
0 7 7
0 7 7
0 7 7
0 7 7
0 8 7
0 9 8
0 9 8
0 10 9
0 10 9
0 10 9
0 10 9
0 8 7
0 7 6
0 7 6
0 7 6
0 7 6
0 7 6
0 7 6
0 7 6
0 7 6
0 9 8
0 9 8
0 9 8
0 6 5
0 6 6
0 6 6
0 6 6
0 6 6
0 6 6
0 6 6
0 6 6
1 6 6
0 7 7
0 7 7
0 7 7
0 7 7
0 5 5
0 8 8
0 9 9
0 9 9
0 9 9
0 9 9
0 9 9
0 9 9
0 10 10
0 10 10
0 10 10
0 8 8
0 9 8
0 9 8
0 9 8
0 10 9
0 10 9
0 10 9
0 9 8
0 9 8
0 9 8
0 9 8
0 11 10
0 10 9
1 10 10
0 10 10
0 12 11
0 12 11
0 12 11
0 12 11
0 13 11
0 13 11
0 14 12
0 14 12
0 13 11
0 10 9
0 9 8
0 9 8
0 10 9
0 12 11
0 11 10
0 11 10
0 11 10
0 11 10
0 11 10
0 10 9
0 10 8
0 10 8
0 9 7
0 8 6
0 8 6
0 8 6
0 8 6
0 8 6
0 9 6
0 9 6
0 9 6
0 10 7
0 9 6
0 9 6
0 8 6
0 10 8
0 13 11
0 13 11
0 13 11
0 13 11
0 13 11
0 13 11
0 12 10
0 13 11
0 11 10
0 12 11
0 13 11
0 11 9
0 10 8
0 10 8
0 10 8
0 10 8
0 10 8
0 10 8
0 10 8
0 10 8
0 10 8
0 9 7
0 9 7
0 9 7
0 8 7
0 8 7
0 8 7
0 8 7
0 8 7
0 8 7
0 8 7
0 9 7
0 8 6
0 9 7
0 9 7
0 9 7
0 9 7
0 10 7
0 10 7
0 10 7
0 11 8
0 10 7
0 10 7
0 10 7
0 9 6
0 8 6
0 8 6
0 7 5
0 8 6
1 8 6
0 9 7
0 9 7
0 9 7
0 9 7
0 10 8
0 10 8
0 9 7
0 9 8
0 11 10
0 11 10
0 11 10
0 11 10
0 12 11
0 12 11
0 14 13
0 14 13
0 14 13
0 13 12
0 14 13
0 13 12
1 12 11
0 12 11
0 11 11
0 11 11
0 11 11
0 11 11
0 11 11
0 11 11
0 12 12
0 12 12
0 11 11
0 12 12
0 12 12
0 10 10
0 8 8
0 7 7
0 8 8
0 8 8
0 8 8
0 9 9
0 9 9
0 8 8
0 8 8
0 9 9
0 10 10
0 8 8
0 8 8
1 7 7
0 8 8
0 8 8
0 9 9
0 10 10
0 10 9
0 9 8
0 10 8
0 9 6
0 10 7
0 8 5
0 9 6
0 10 7
0 9 6
0 9 6
0 10 7
0 10 7
0 10 7
0 10 7
0 9 7
0 7 6
1 7 6
0 7 6
0 8 7
0 7 6
0 7 6
0 7 6
0 7 6
0 7 6
0 7 6
0 8 6
0 7 6
0 5 4
0 6 5
0 6 5
0 6 5
0 6 5
0 6 5
0 6 5
0 6 5
0 6 5
0 6 5
0 6 5
0 7 6
1 6 5
0 5 5
0 6 6
0 8 8
0 8 8
0 8 8
0 8 8
0 8 8
1 8 8
0 9 9
0 8 8
0 7 7
0 7 7
0 7 7
0 7 7
0 7 7
0 7 7
0 7 7
0 7 7
0 7 7
0 7 7
0 7 7
0 7 7
0 6 6
0 5 5
0 6 6
1 6 6
0 6 6
0 5 5
0 7 6
0 9 7
0 9 7
0 9 7
0 9 7
0 10 7
0 10 7
0 10 7
0 10 7
0 12 8
0 14 10
0 15 11
0 15 11
0 17 13
0 17 13
0 18 14
0 18 14
0 17 13
0 14 11
0 12 9
0 10 7
0 9 7
0 9 7
0 9 7
0 9 7
0 9 7
0 9 7
0 9 7
0 9 7
0 9 7
0 9 6
0 10 7
0 9 6
0 10 6
0 11 7
0 11 7
0 11 7
0 11 7
0 11 7
0 11 7
0 11 7
0 10 6
0 11 7
0 8 5
0 9 5
0 10 6
0 9 5
0 10 6
0 10 6
0 11 6
0 11 6
0 11 6
0 11 6
0 11 6
0 9 5
0 9 5
0 10 5
0 12 7
0 11 7
0 12 8
0 13 9
0 13 9
0 13 9
0 14 10
0 15 11
0 15 11
0 15 11
0 14 10
0 13 9
0 13 9
0 15 11
0 16 11
0 16 11
0 16 11
0 17 12
0 18 13
1 17 12
0 19 14
0 17 13
0 16 12
1 15 11
0 16 12
0 14 10
0 15 11
0 14 10
0 14 10
0 15 11
0 15 11
0 15 11
0 14 10
0 16 12
0 16 12
0 15 11
0 15 10
0 15 10
0 14 9
0 13 8
0 13 8
0 13 8
0 13 8
0 13 8
1 13 8
0 13 8
0 13 8
0 10 6
1 11 7
0 11 7
0 11 7
0 11 7
0 12 8
0 12 8
0 11 7
0 12 8
0 12 8
0 13 9
0 15 10
0 15 10
0 16 11
0 17 12
0 17 12
0 17 12
0 18 13
0 18 13
0 18 13
0 18 13
0 18 13
0 16 11
0 17 12
0 16 12
0 16 12
0 14 10
0 13 9
0 15 10
0 15 10
0 16 11
0 17 12
0 17 12
0 17 12
0 15 10
0 13 9
0 12 9
0 13 10
0 11 9
0 11 9
0 11 9
0 11 9
1 11 9
0 10 8
0 10 8
0 10 8
0 10 8
0 10 8
0 10 8
0 12 10
0 14 12
0 15 13
0 15 13
0 15 13
0 15 13
0 15 13
0 15 13
0 14 12
0 14 12
0 14 12
0 12 10
0 12 10
0 12 10
0 12 10
0 10 8
0 10 8
0 11 9
0 11 9
0 11 9
0 10 8
0 10 8
0 11 9
0 12 10
0 12 10
0 12 10
0 12 10
0 13 11
0 13 11
0 13 11
1 13 11
0 13 11
0 12 10
0 12 10
0 9 7
0 7 5
0 6 5
0 6 5
0 6 5
0 6 5
0 6 5
0 6 5
0 6 5
1 6 5
0 6 5
0 5 4
0 6 5
0 6 4
0 7 5
0 6 4
0 6 4
0 6 4
0 6 4
0 6 4
0 6 4
0 6 4
0 6 4
0 8 6
0 8 6
0 7 5
0 8 5
0 9 5
0 9 5
0 9 5
0 10 6
1 9 6
0 10 7
0 9 7
0 10 7
0 9 6
0 9 6
0 9 6
0 9 6
0 10 7
0 8 5
0 8 5
1 8 5
0 10 7
0 10 7
0 10 7
0 10 7
0 9 6
0 8 5
0 6 3
0 6 3
0 6 3
0 7 4
0 8 4
0 8 4
0 7 3
0 8 3
0 8 3
0 8 3
0 8 3
0 7 2
0 7 2
0 8 3
0 8 3
0 7 3
0 8 3
0 8 3
0 9 4
0 9 4
0 10 4
0 9 4
0 8 3
0 9 4
0 7 4
0 7 4
0 7 4
0 7 4
0 7 4
0 8 4
0 9 4
0 9 4
0 12 7
0 11 6
0 11 6
0 11 6
0 9 4
0 8 4
0 8 4
0 7 3
0 6 2
0 7 3
0 7 3
0 7 3
1 7 3
0 8 4
0 8 4
0 8 4
0 7 4
0 7 4
0 7 4
0 7 4
1 7 4
0 9 6
0 10 7
0 9 6
0 10 7
0 9 6
0 9 6
0 9 6
0 9 7
0 7 6
0 8 7
0 8 7
0 9 8
0 9 8
0 9 8
0 9 8
0 11 9
0 10 8
0 11 8
0 10 7
0 9 6
0 9 6
0 9 6
0 10 7
0 10 7
0 10 7
1 11 8
0 12 9
0 12 9
0 12 9
0 12 9
1 11 8
0 13 10
0 12 9
0 10 7
0 10 7
0 10 7
0 10 7
0 10 7
0 10 7
0 11 8
0 11 8
0 11 7
0 11 7
0 13 9
0 13 9
0 12 9
0 13 9
0 14 9
0 13 9
0 13 9
0 13 9
0 13 9
0 12 9
0 12 9
0 12 9
0 10 7
0 8 6
0 9 7
0 8 6
0 8 6
0 8 6
0 8 6
0 9 7
0 9 7
0 8 6
0 8 6
0 8 6
0 8 6
1 9 5
0 8 5
0 7 5
0 7 5
0 8 6
0 7 5
0 7 5
0 7 5
0 7 5
0 7 5
0 8 6
0 8 6
0 7 6
0 7 6
0 7 6
0 8 7
0 8 7
0 8 7
0 8 7
0 8 7
1 7 6
0 7 6
0 6 6
0 5 5
0 7 7
0 6 6
0 6 6
0 7 6
0 7 6
0 7 6
0 7 6
0 8 7
0 8 7
0 8 7
0 7 6
0 7 6
0 7 6
0 7 6
0 7 6
0 7 6
0 7 6
0 7 6
0 7 6
0 7 7
0 7 7
0 7 7
0 8 8
0 7 7
0 8 8
0 8 8
0 8 8
0 7 7
0 7 7
0 7 7
0 7 7
0 7 7
0 6 6
0 6 6
0 6 6
0 4 4
0 6 6
0 5 5
0 6 6
0 7 6
0 7 6
0 8 6
0 8 6
0 8 6
0 8 6
0 7 5
1 7 5
0 8 5
0 7 5
0 7 5
0 6 4
0 5 3
0 5 3
0 7 4
0 8 5
0 10 7
0 8 5
0 9 7
0 8 6
0 8 6
0 7 5
0 6 5
0 6 5
0 7 6
0 7 6
0 7 6
0 6 5
0 7 6
0 7 6
0 7 6
0 7 6
0 4 3
0 3 2
0 3 2
0 3 2
0 3 2
0 3 2
0 3 2
0 3 2
0 3 2
0 3 2
0 3 2
0 4 3
0 4 3
0 4 3
0 4 3
0 4 3
0 4 3
0 4 3
0 4 3
0 4 3
0 4 3
1 4 3
0 4 3
0 5 4
1 6 5
0 7 6
0 7 6
0 7 6
1 7 6
0 9 8
0 9 8
0 9 8
0 9 8
0 9 8
0 8 7
0 8 7
0 7 6
0 8 6
1 8 7
0 8 7
1 8 7
0 8 7
0 8 7
0 8 7
0 8 7
0 8 7
0 9 7
0 7 6
0 7 5
0 7 5
0 7 5
0 9 7
0 9 7
0 10 8
0 10 8
0 10 8
0 10 8
0 10 8
0 10 9
0 10 9
0 9 8
0 10 9
0 10 9
0 9 8
0 10 9
0 10 9
0 10 9
0 10 9
0 10 9
0 10 9
0 9 8
1 8 8
0 10 10
0 10 10
0 9 9
1 8 8
0 8 8
0 9 9
0 10 10
0 10 10
0 9 8
0 10 9
0 9 8
0 9 8
0 10 9
0 11 10
0 11 10
0 11 10
0 11 10
0 11 10
0 11 10
0 11 10
0 11 10
0 10 9
0 10 9
0 11 9
0 11 9
0 11 9
0 11 9
0 9 8
0 10 8
0 10 8
0 10 8
0 10 8
0 9 7
0 7 5
1 8 5
0 9 6
0 8 5
0 8 5
0 7 5
0 7 5
0 7 5
0 7 5
0 7 5
0 8 5
0 7 5
0 8 6
0 8 5
0 8 5
0 6 3
0 8 5
0 10 7
0 10 7
0 10 7
0 10 7
0 10 7
0 10 7
0 10 7
0 9 6
0 9 6
0 9 6
0 9 6
0 8 5
0 9 6
0 9 6
0 9 6
0 9 6
0 9 6
0 9 6
0 12 9
0 13 9
0 13 9
0 13 9
0 11 7
0 10 6
0 10 7
1 10 7
0 11 8
0 11 8
0 12 9
0 12 9
0 12 9
0 12 9
0 12 9
0 10 7
0 9 6
0 8 5
0 8 5
1 7 4
0 8 5
0 8 5
0 8 5
0 9 6
0 11 8
0 11 8
0 11 8
1 11 8
0 12 10
0 11 9
0 11 9
0 11 9
0 12 9
0 12 9
0 12 9
0 11 8
0 11 8
0 11 8
0 12 9
0 11 8
1 11 8
0 12 9
1 10 8
0 12 10
0 12 11
0 12 11
0 13 12
0 13 12
0 13 12
0 14 13
0 14 13
0 15 13
0 16 14
0 14 12
0 16 13
0 18 14
0 15 11
0 15 12
0 15 12
0 15 12
0 15 12
0 14 11
0 14 11
0 14 11
0 13 10
0 12 10
0 12 10
1 12 10
0 13 11
0 13 11
0 14 12
0 14 12
0 14 12
0 14 12
0 14 12
0 12 11
0 11 10
0 12 11
0 10 9
0 9 8
0 9 8
0 10 9
0 11 10
0 11 10
0 11 10
0 9 8
0 8 7
1 8 7
0 9 8
0 8 7
0 7 6
0 7 6
0 7 6
0 7 6
0 7 6
0 7 6
0 7 6
0 7 6
0 7 6
0 7 6
0 7 6
1 7 6
0 7 6
0 8 7
0 8 7
0 8 7
0 8 7
0 8 7
0 8 7
0 8 7
0 8 7
0 8 7
0 8 7
0 7 5
0 8 6
0 8 6
0 8 6
1 9 6
0 10 7
0 10 7
0 10 7
0 8 6
0 9 7
0 9 6
0 10 7
0 10 7
0 10 7
0 10 7
0 10 7
0 12 8
0 13 9
0 13 9
0 13 9
0 14 10
0 12 8
0 11 7
0 11 8
0 12 9
1 12 9
0 13 10
0 13 10
0 13 10
0 13 10
0 13 10
0 14 11
0 13 10
0 12 9
0 12 8
0 12 9
0 11 8
0 9 6
0 9 6
0 9 6
0 9 6
0 10 7
0 10 7
0 10 7
0 8 5
1 10 7
0 10 7
0 10 7
0 8 6
0 8 6
0 10 6
0 10 6
0 10 6
0 10 6
0 10 6
0 10 6
0 9 6
0 8 5
0 8 5
0 8 5
0 8 5
0 8 5
0 9 5
0 9 5
0 9 5
0 10 6
0 10 6
0 12 7
0 12 7
0 11 7
0 9 6
0 8 7
0 7 6
1 7 6
0 7 6
0 8 7
0 8 7
0 8 7
0 8 7
0 9 8
0 9 8
0 9 8
0 7 6
0 7 6
0 7 6
0 7 6
0 7 6
0 7 6
0 7 6
0 7 6
0 7 6
0 7 6
0 6 5
0 6 5
0 6 5
0 6 5
0 6 5
0 5 4
1 5 4
0 7 6
0 7 6
0 7 6
0 7 6
0 8 7
0 7 6
0 7 6
1 8 7
0 7 6
0 8 7
0 9 8
0 11 10
0 10 9
0 13 12
0 13 12
0 14 13
0 16 15
0 16 15
0 13 12
0 12 11
0 11 10
0 7 6
0 8 7
0 8 7
0 7 6
0 8 7
0 9 8
0 9 8
0 9 8
1 9 8
1 9 8
1 8 7
0 9 8
0 8 7
0 8 7
0 9 7
0 9 7
0 9 7
0 9 7
0 9 7
0 9 7
0 12 10
0 13 10
0 13 10
1 10 8
0 11 9
0 12 10
0 12 10
0 12 10
0 12 11
0 13 11
0 12 10
0 14 12
0 14 12
0 15 12
0 12 9
0 11 8
0 10 7
0 11 8
0 11 8
0 10 7
0 10 7
0 11 8
0 12 9
0 12 9
0 12 9
0 12 9
0 9 6
0 7 4
1 7 4
0 7 4
0 8 5
0 8 5
0 8 5
0 8 5
0 8 5
0 8 5
0 8 5
0 8 5
0 8 5
0 7 4
0 8 5
0 8 5
0 7 4
0 8 5
0 9 5
0 9 5
0 9 5
0 9 5
0 8 4
0 7 3
0 7 3
0 7 3
0 6 2
0 7 3
0 5 3
0 5 3
0 6 4
0 6 4
0 6 4
0 6 4
0 6 4
0 6 4
0 6 4
0 6 4
0 6 3
1 5 3
0 6 4
0 7 4
0 7 4
0 9 6
0 9 6
0 9 6
0 10 7
0 9 6
0 10 6
0 9 6
0 9 6
0 11 8
0 11 8
0 11 8
0 13 9
0 13 9
0 13 9
0 12 8
0 13 9
0 13 9
0 12 8
0 11 7
0 13 9
0 13 9
0 11 8
0 14 10
0 14 10
0 14 10
0 15 11
0 15 11
0 15 11
0 15 11
0 13 9
0 14 9
0 13 8
0 13 8
0 12 8
0 12 8
0 14 10
0 14 10
0 14 10
0 15 11
0 14 10
0 14 11
0 14 11
1 13 10
0 11 9
0 11 9
0 12 9
1 12 9
0 13 10
0 13 10
0 13 10
0 13 10
0 12 10
0 13 10
0 11 8
0 11 8
0 11 8
0 10 7
0 11 8
0 12 8
0 13 9
0 13 9
0 13 9
0 12 8
0 13 9
0 13 9
0 14 10
0 12 8
0 11 7
0 10 6
0 10 6
0 10 6
0 10 6
0 10 6
0 11 7
0 10 6
1 10 6
0 9 6
0 8 6
0 10 8
0 10 8
0 10 8
0 11 9
0 11 9
0 11 9
0 11 9
0 11 9
0 11 9
0 11 9
0 8 6
0 6 5
0 6 5
0 6 5
0 6 5
0 7 6
0 7 6
0 7 6
0 8 7
0 8 7
0 8 7
0 7 6
0 6 6
0 7 6
1 7 6
0 7 6
0 8 7
0 8 7
0 8 7
0 8 7
0 8 7
0 8 7
0 8 7
0 8 7
0 8 7
0 8 7
0 7 6
0 6 5
0 7 6
0 7 6
0 8 7
0 8 7
0 8 7
0 8 7
0 8 7
0 8 7
0 7 6
0 8 7
1 7 6
0 7 6
0 8 6
0 9 7
0 8 6
0 8 6
0 9 6
0 9 6
0 8 6
0 6 4
0 7 5
0 7 5
0 5 4
0 7 6
0 5 4
0 6 5
0 7 6
0 7 6
0 7 6
0 7 6
0 7 6
0 8 7
0 8 7
0 8 7
0 8 6
0 7 5
0 7 5
0 8 6
0 8 6
0 8 6
0 8 6
0 8 6
0 8 6
0 8 6
0 6 5
0 6 5
0 6 5
0 7 6
0 7 6
0 7 6
